SlotAllocation,0x558a8391dfd0,1,4
SlotAllocation,0x558a839542a0,1,4
SlotAllocation,0x558a83989a30,1,4
SlotAllocation,0x558a8391dfd0,2,0
SlotAllocation,0x558a839542a0,2,0
SlotAllocation,0x558a83989a30,2,0
SlotAllocation,0x558a8391dfd0,4,0
SlotAllocation,0x558a839542a0,4,0
SlotAllocation,0x558a83989a30,4,1
SlotAllocation,0x558a8391dfd0,5,4
SlotAllocation,0x558a839542a0,5,4
SlotAllocation,0x558a83989a30,5,4
SlotAllocation,0x558a8391dfd0,6,1
SlotAllocation,0x558a839542a0,6,0
SlotAllocation,0x558a83989a30,6,0
SlotAllocation,0x558a8391dfd0,7,4
SlotAllocation,0x558a839542a0,7,4
SlotAllocation,0x558a83989a30,7,4
SlotAllocation,0x558a8391dfd0,8,0
SlotAllocation,0x558a839542a0,8,1
SlotAllocation,0x558a83989a30,8,1
SlotAllocation,0x558a8391dfd0,9,4
SlotAllocation,0x558a839542a0,9,4
SlotAllocation,0x558a83989a30,9,4
SlotAllocation,0x558a8391dfd0,10,0
SlotAllocation,0x558a839542a0,10,2
SlotAllocation,0x558a83989a30,10,0
SlotAllocation,0x558a8391dfd0,11,4
SlotAllocation,0x558a839542a0,11,4
SlotAllocation,0x558a83989a30,11,4
SlotAllocation,0x558a8391dfd0,12,0
SlotAllocation,0x558a839542a0,12,0
SlotAllocation,0x558a83989a30,12,0
SlotAllocation,0x558a8391dfd0,13,4
SlotAllocation,0x558a839542a0,13,4
SlotAllocation,0x558a83989a30,13,4
SlotAllocation,0x558a8391dfd0,14,1
SlotAllocation,0x558a839542a0,14,1
SlotAllocation,0x558a83989a30,14,0
SlotAllocation,0x558a8391dfd0,15,4
SlotAllocation,0x558a839542a0,15,4
SlotAllocation,0x558a83989a30,15,4
SlotAllocation,0x558a8391dfd0,16,0
SlotAllocation,0x558a839542a0,16,0
SlotAllocation,0x558a83989a30,16,1
SlotAllocation,0x558a8391dfd0,17,4
SlotAllocation,0x558a839542a0,17,4
SlotAllocation,0x558a83989a30,17,4
SlotAllocation,0x558a8391dfd0,18,1
SlotAllocation,0x558a839542a0,18,0
SlotAllocation,0x558a83989a30,18,0
SlotAllocation,0x558a8391dfd0,19,4
SlotAllocation,0x558a839542a0,19,4
SlotAllocation,0x558a83989a30,19,4
SlotAllocation,0x558a8391dfd0,20,0
SlotAllocation,0x558a839542a0,20,1
SlotAllocation,0x558a83989a30,20,0
SlotAllocation,0x558a8391dfd0,21,4
SlotAllocation,0x558a839542a0,21,4
SlotAllocation,0x558a83989a30,21,4
SlotAllocation,0x558a8391dfd0,22,2
SlotAllocation,0x558a839542a0,22,1
SlotAllocation,0x558a83989a30,22,1
SlotAllocation,0x558a8391dfd0,23,4
SlotAllocation,0x558a839542a0,23,4
SlotAllocation,0x558a83989a30,23,4
SlotAllocation,0x558a8391dfd0,24,0
SlotAllocation,0x558a839542a0,24,0
SlotAllocation,0x558a83989a30,24,0
SlotAllocation,0x558a8391dfd0,25,4
SlotAllocation,0x558a839542a0,25,4
SlotAllocation,0x558a83989a30,25,4
SlotAllocation,0x558a8391dfd0,26,1
SlotAllocation,0x558a839542a0,26,1
SlotAllocation,0x558a83989a30,26,2
SlotAllocation,0x558a8391dfd0,27,4
SlotAllocation,0x558a839542a0,27,4
SlotAllocation,0x558a83989a30,27,4
SlotAllocation,0x558a8391dfd0,28,0
SlotAllocation,0x558a839542a0,28,2
SlotAllocation,0x558a83989a30,28,1
SlotAllocation,0x558a8391dfd0,29,4
SlotAllocation,0x558a839542a0,29,4
SlotAllocation,0x558a83989a30,29,4
SlotAllocation,0x558a8391dfd0,30,0
SlotAllocation,0x558a839542a0,30,0
SlotAllocation,0x558a83989a30,30,0
SlotAllocation,0x558a8391dfd0,31,4
SlotAllocation,0x558a839542a0,31,4
SlotAllocation,0x558a83989a30,31,4
SlotAllocation,0x558a8391dfd0,32,1
SlotAllocation,0x558a839542a0,32,0
SlotAllocation,0x558a83989a30,32,0
SlotAllocation,0x558a8391dfd0,33,4
SlotAllocation,0x558a839542a0,33,4
SlotAllocation,0x558a83989a30,33,4
SlotAllocation,0x558a8391dfd0,34,0
SlotAllocation,0x558a839542a0,34,0
SlotAllocation,0x558a83989a30,34,1
SlotAllocation,0x558a8391dfd0,35,4
SlotAllocation,0x558a839542a0,35,4
SlotAllocation,0x558a83989a30,35,4
SlotAllocation,0x558a8391dfd0,36,0
SlotAllocation,0x558a839542a0,36,1
SlotAllocation,0x558a83989a30,36,1
SlotAllocation,0x558a8391dfd0,37,4
SlotAllocation,0x558a839542a0,37,4
SlotAllocation,0x558a83989a30,37,4
SlotAllocation,0x558a8391dfd0,38,2
SlotAllocation,0x558a839542a0,38,0
SlotAllocation,0x558a83989a30,38,0
SlotAllocation,0x558a8391dfd0,39,4
SlotAllocation,0x558a839542a0,39,4
SlotAllocation,0x558a83989a30,39,4
SlotAllocation,0x558a8391dfd0,40,1
SlotAllocation,0x558a839542a0,40,0
SlotAllocation,0x558a83989a30,40,0
SlotAllocation,0x558a8391dfd0,41,4
SlotAllocation,0x558a839542a0,41,4
SlotAllocation,0x558a83989a30,41,4
SlotAllocation,0x558a8391dfd0,42,2
SlotAllocation,0x558a839542a0,42,1
SlotAllocation,0x558a83989a30,42,0
SlotAllocation,0x558a8391dfd0,43,4
SlotAllocation,0x558a839542a0,43,4
SlotAllocation,0x558a83989a30,43,4
SlotAllocation,0x558a8391dfd0,44,0
SlotAllocation,0x558a839542a0,44,0
SlotAllocation,0x558a83989a30,44,1
SlotAllocation,0x558a8391dfd0,45,4
SlotAllocation,0x558a839542a0,45,4
SlotAllocation,0x558a83989a30,45,4
SlotAllocation,0x558a8391dfd0,46,0
SlotAllocation,0x558a839542a0,46,0
SlotAllocation,0x558a83989a30,46,0
SlotAllocation,0x558a8391dfd0,47,4
SlotAllocation,0x558a839542a0,47,4
SlotAllocation,0x558a83989a30,47,4
SlotAllocation,0x558a8391dfd0,48,1
SlotAllocation,0x558a839542a0,48,1
SlotAllocation,0x558a83989a30,48,1
SlotAllocation,0x558a8391dfd0,49,4
SlotAllocation,0x558a839542a0,49,4
SlotAllocation,0x558a83989a30,49,4
SlotAllocation,0x558a8391dfd0,50,1
SlotAllocation,0x558a839542a0,50,1
SlotAllocation,0x558a83989a30,50,0
SlotAllocation,0x558a8391dfd0,51,4
SlotAllocation,0x558a839542a0,51,4
SlotAllocation,0x558a83989a30,51,4
SlotAllocation,0x558a8391dfd0,52,0
SlotAllocation,0x558a839542a0,52,0
SlotAllocation,0x558a83989a30,52,2
SlotAllocation,0x558a8391dfd0,53,4
SlotAllocation,0x558a839542a0,53,4
SlotAllocation,0x558a83989a30,53,4
SlotAllocation,0x558a8391dfd0,54,0
SlotAllocation,0x558a839542a0,54,2
SlotAllocation,0x558a83989a30,54,0
SlotAllocation,0x558a8391dfd0,55,4
SlotAllocation,0x558a839542a0,55,4
SlotAllocation,0x558a83989a30,55,4
SlotAllocation,0x558a8391dfd0,56,1
SlotAllocation,0x558a839542a0,56,0
SlotAllocation,0x558a83989a30,56,1
SlotAllocation,0x558a8391dfd0,57,4
SlotAllocation,0x558a839542a0,57,4
SlotAllocation,0x558a83989a30,57,4
SlotAllocation,0x558a8391dfd0,58,1
SlotAllocation,0x558a839542a0,58,1
SlotAllocation,0x558a83989a30,58,1
SlotAllocation,0x558a8391dfd0,59,4
SlotAllocation,0x558a839542a0,59,4
SlotAllocation,0x558a83989a30,59,4
SlotAllocation,0x558a8391dfd0,60,0
SlotAllocation,0x558a839542a0,60,0
SlotAllocation,0x558a83989a30,60,1
SlotAllocation,0x558a8391dfd0,61,4
SlotAllocation,0x558a839542a0,61,4
SlotAllocation,0x558a83989a30,61,4
SlotAllocation,0x558a8391dfd0,62,2
SlotAllocation,0x558a839542a0,62,0
SlotAllocation,0x558a83989a30,62,0
SlotAllocation,0x558a8391dfd0,63,4
SlotAllocation,0x558a839542a0,63,4
SlotAllocation,0x558a83989a30,63,4
SlotAllocation,0x558a8391dfd0,64,0
SlotAllocation,0x558a839542a0,64,1
SlotAllocation,0x558a83989a30,64,0
SlotAllocation,0x558a8391dfd0,65,4
SlotAllocation,0x558a839542a0,65,4
SlotAllocation,0x558a83989a30,65,4
SlotAllocation,0x558a8391dfd0,66,1
SlotAllocation,0x558a839542a0,66,0
SlotAllocation,0x558a83989a30,66,1
SlotAllocation,0x558a8391dfd0,67,4
SlotAllocation,0x558a839542a0,67,4
SlotAllocation,0x558a83989a30,67,4
SlotAllocation,0x558a8391dfd0,68,0
SlotAllocation,0x558a839542a0,68,2
SlotAllocation,0x558a83989a30,68,1
SlotAllocation,0x558a8391dfd0,69,4
SlotAllocation,0x558a839542a0,69,4
SlotAllocation,0x558a83989a30,69,4
SlotAllocation,0x558a8391dfd0,70,0
SlotAllocation,0x558a839542a0,70,0
SlotAllocation,0x558a83989a30,70,0
SlotAllocation,0x558a8391dfd0,71,4
SlotAllocation,0x558a839542a0,71,4
SlotAllocation,0x558a83989a30,71,4
SlotAllocation,0x558a8391dfd0,72,1
SlotAllocation,0x558a839542a0,72,1
SlotAllocation,0x558a83989a30,72,1
SlotAllocation,0x558a8391dfd0,73,4
SlotAllocation,0x558a839542a0,73,4
SlotAllocation,0x558a83989a30,73,4
SlotAllocation,0x558a8391dfd0,74,2
SlotAllocation,0x558a839542a0,74,0
SlotAllocation,0x558a83989a30,74,0
SlotAllocation,0x558a8391dfd0,75,4
SlotAllocation,0x558a839542a0,75,4
SlotAllocation,0x558a83989a30,75,4
SlotAllocation,0x558a8391dfd0,76,0
SlotAllocation,0x558a839542a0,76,1
SlotAllocation,0x558a83989a30,76,0
SlotAllocation,0x558a8391dfd0,77,4
SlotAllocation,0x558a839542a0,77,4
SlotAllocation,0x558a83989a30,77,4
SlotAllocation,0x558a8391dfd0,78,1
SlotAllocation,0x558a839542a0,78,2
SlotAllocation,0x558a83989a30,78,0
SlotAllocation,0x558a8391dfd0,79,4
SlotAllocation,0x558a839542a0,79,4
SlotAllocation,0x558a83989a30,79,4
SlotAllocation,0x558a8391dfd0,80,0
SlotAllocation,0x558a839542a0,80,1
SlotAllocation,0x558a83989a30,80,0
SlotAllocation,0x558a8391dfd0,81,4
SlotAllocation,0x558a839542a0,81,4
SlotAllocation,0x558a83989a30,81,4
SlotAllocation,0x558a8391dfd0,82,1
SlotAllocation,0x558a839542a0,82,0
SlotAllocation,0x558a83989a30,82,1
SlotAllocation,0x558a8391dfd0,83,4
SlotAllocation,0x558a839542a0,83,4
SlotAllocation,0x558a83989a30,83,4
SlotAllocation,0x558a8391dfd0,84,0
SlotAllocation,0x558a839542a0,84,0
SlotAllocation,0x558a83989a30,84,1
SlotAllocation,0x558a8391dfd0,85,4
SlotAllocation,0x558a839542a0,85,4
SlotAllocation,0x558a83989a30,85,4
SlotAllocation,0x558a8391dfd0,86,1
SlotAllocation,0x558a839542a0,86,0
SlotAllocation,0x558a83989a30,86,2
SlotAllocation,0x558a8391dfd0,87,4
SlotAllocation,0x558a839542a0,87,4
SlotAllocation,0x558a83989a30,87,4
SlotAllocation,0x558a8391dfd0,88,1
SlotAllocation,0x558a839542a0,88,1
SlotAllocation,0x558a83989a30,88,0
SlotAllocation,0x558a8391dfd0,89,4
SlotAllocation,0x558a839542a0,89,4
SlotAllocation,0x558a83989a30,89,4
SlotAllocation,0x558a8391dfd0,90,0
SlotAllocation,0x558a839542a0,90,2
SlotAllocation,0x558a83989a30,90,0
SlotAllocation,0x558a8391dfd0,91,4
SlotAllocation,0x558a839542a0,91,4
SlotAllocation,0x558a83989a30,91,4
SlotAllocation,0x558a8391dfd0,92,0
SlotAllocation,0x558a839542a0,92,1
SlotAllocation,0x558a83989a30,92,0
SlotAllocation,0x558a8391dfd0,93,4
SlotAllocation,0x558a839542a0,93,4
SlotAllocation,0x558a83989a30,93,4
SlotAllocation,0x558a8391dfd0,94,1
SlotAllocation,0x558a839542a0,94,0
SlotAllocation,0x558a83989a30,94,1
SlotAllocation,0x558a8391dfd0,95,4
SlotAllocation,0x558a839542a0,95,4
SlotAllocation,0x558a83989a30,95,4
SlotAllocation,0x558a8391dfd0,96,0
SlotAllocation,0x558a839542a0,96,0
SlotAllocation,0x558a83989a30,96,0
SlotAllocation,0x558a8391dfd0,97,4
SlotAllocation,0x558a839542a0,97,4
SlotAllocation,0x558a83989a30,97,4
SlotAllocation,0x558a8391dfd0,98,1
SlotAllocation,0x558a839542a0,98,2
SlotAllocation,0x558a83989a30,98,1
SlotAllocation,0x558a8391dfd0,99,4
SlotAllocation,0x558a839542a0,99,4
SlotAllocation,0x558a83989a30,99,4
SlotAllocation,0x558a8391dfd0,100,0
SlotAllocation,0x558a839542a0,100,1
SlotAllocation,0x558a83989a30,100,0
SlotAllocation,0x558a8391dfd0,101,4
SlotAllocation,0x558a839542a0,101,4
SlotAllocation,0x558a83989a30,101,4
SlotAllocation,0x558a8391dfd0,102,2
SlotAllocation,0x558a839542a0,102,2
SlotAllocation,0x558a83989a30,102,1
SlotAllocation,0x558a8391dfd0,103,4
SlotAllocation,0x558a839542a0,103,4
SlotAllocation,0x558a83989a30,103,4
SlotAllocation,0x558a8391dfd0,104,1
SlotAllocation,0x558a839542a0,104,0
SlotAllocation,0x558a83989a30,104,0
SlotAllocation,0x558a8391dfd0,105,4
SlotAllocation,0x558a839542a0,105,4
SlotAllocation,0x558a83989a30,105,4
SlotAllocation,0x558a8391dfd0,106,0
SlotAllocation,0x558a839542a0,106,1
SlotAllocation,0x558a83989a30,106,2
SlotAllocation,0x558a8391dfd0,107,4
SlotAllocation,0x558a839542a0,107,4
SlotAllocation,0x558a83989a30,107,4
SlotAllocation,0x558a8391dfd0,108,1
SlotAllocation,0x558a839542a0,108,0
SlotAllocation,0x558a83989a30,108,1
SlotAllocation,0x558a8391dfd0,109,4
SlotAllocation,0x558a839542a0,109,4
SlotAllocation,0x558a83989a30,109,4
SlotAllocation,0x558a8391dfd0,110,2
SlotAllocation,0x558a839542a0,110,0
SlotAllocation,0x558a83989a30,110,0
SlotAllocation,0x558a8391dfd0,111,4
SlotAllocation,0x558a839542a0,111,4
SlotAllocation,0x558a83989a30,111,4
SlotAllocation,0x558a8391dfd0,112,0
SlotAllocation,0x558a839542a0,112,0
SlotAllocation,0x558a83989a30,112,1
SlotAllocation,0x558a8391dfd0,113,4
SlotAllocation,0x558a839542a0,113,4
SlotAllocation,0x558a83989a30,113,4
SlotAllocation,0x558a8391dfd0,114,0
SlotAllocation,0x558a839542a0,114,1
SlotAllocation,0x558a83989a30,114,0
SlotAllocation,0x558a8391dfd0,115,4
SlotAllocation,0x558a839542a0,115,4
SlotAllocation,0x558a83989a30,115,4
SlotAllocation,0x558a8391dfd0,116,1
SlotAllocation,0x558a839542a0,116,0
SlotAllocation,0x558a83989a30,116,1
SlotAllocation,0x558a8391dfd0,117,4
SlotAllocation,0x558a839542a0,117,4
SlotAllocation,0x558a83989a30,117,4
SlotAllocation,0x558a8391dfd0,118,0
SlotAllocation,0x558a839542a0,118,1
SlotAllocation,0x558a83989a30,118,0
SlotAllocation,0x558a8391dfd0,119,4
SlotAllocation,0x558a839542a0,119,4
SlotAllocation,0x558a83989a30,119,4
SlotAllocation,0x558a8391dfd0,120,0
SlotAllocation,0x558a839542a0,120,0
SlotAllocation,0x558a83989a30,120,0
SlotAllocation,0x558a8391dfd0,121,4
SlotAllocation,0x558a839542a0,121,4
SlotAllocation,0x558a83989a30,121,4
SlotAllocation,0x558a8391dfd0,122,0
SlotAllocation,0x558a839542a0,122,0
SlotAllocation,0x558a83989a30,122,1
SlotAllocation,0x558a8391dfd0,123,4
SlotAllocation,0x558a839542a0,123,4
SlotAllocation,0x558a83989a30,123,4
SlotAllocation,0x558a8391dfd0,124,1
SlotAllocation,0x558a839542a0,124,1
SlotAllocation,0x558a83989a30,124,0
SlotAllocation,0x558a8391dfd0,125,4
SlotAllocation,0x558a839542a0,125,4
SlotAllocation,0x558a83989a30,125,4
SlotAllocation,0x558a8391dfd0,126,0
SlotAllocation,0x558a839542a0,126,0
SlotAllocation,0x558a83989a30,126,1
SlotAllocation,0x558a8391dfd0,127,4
SlotAllocation,0x558a839542a0,127,4
SlotAllocation,0x558a83989a30,127,4
SlotAllocation,0x558a8391dfd0,128,0
SlotAllocation,0x558a839542a0,128,1
SlotAllocation,0x558a83989a30,128,0
SlotAllocation,0x558a8391dfd0,129,4
SlotAllocation,0x558a839542a0,129,4
SlotAllocation,0x558a83989a30,129,4
SlotAllocation,0x558a8391dfd0,130,1
SlotAllocation,0x558a839542a0,130,0
SlotAllocation,0x558a83989a30,130,0
SlotAllocation,0x558a8391dfd0,131,4
SlotAllocation,0x558a839542a0,131,4
SlotAllocation,0x558a83989a30,131,4
SlotAllocation,0x558a8391dfd0,132,1
SlotAllocation,0x558a839542a0,132,2
SlotAllocation,0x558a83989a30,132,0
SlotAllocation,0x558a8391dfd0,133,4
SlotAllocation,0x558a839542a0,133,4
SlotAllocation,0x558a83989a30,133,4
SlotAllocation,0x558a8391dfd0,134,0
SlotAllocation,0x558a839542a0,134,0
SlotAllocation,0x558a83989a30,134,1
SlotAllocation,0x558a8391dfd0,135,4
SlotAllocation,0x558a839542a0,135,4
SlotAllocation,0x558a83989a30,135,4
SlotAllocation,0x558a8391dfd0,136,2
SlotAllocation,0x558a839542a0,136,1
SlotAllocation,0x558a83989a30,136,0
SlotAllocation,0x558a8391dfd0,137,4
SlotAllocation,0x558a839542a0,137,4
SlotAllocation,0x558a83989a30,137,4
SlotAllocation,0x558a8391dfd0,138,0
SlotAllocation,0x558a839542a0,138,1
SlotAllocation,0x558a83989a30,138,0
SlotAllocation,0x558a8391dfd0,139,4
SlotAllocation,0x558a839542a0,139,4
SlotAllocation,0x558a83989a30,139,4
SlotAllocation,0x558a8391dfd0,140,0
SlotAllocation,0x558a839542a0,140,0
SlotAllocation,0x558a83989a30,140,1
SlotAllocation,0x558a8391dfd0,141,4
SlotAllocation,0x558a839542a0,141,4
SlotAllocation,0x558a83989a30,141,4
SlotAllocation,0x558a8391dfd0,142,1
SlotAllocation,0x558a839542a0,142,1
SlotAllocation,0x558a83989a30,142,2
SlotAllocation,0x558a8391dfd0,143,4
SlotAllocation,0x558a839542a0,143,4
SlotAllocation,0x558a83989a30,143,4
SlotAllocation,0x558a8391dfd0,144,2
SlotAllocation,0x558a839542a0,144,0
SlotAllocation,0x558a83989a30,144,1
SlotAllocation,0x558a8391dfd0,145,4
SlotAllocation,0x558a839542a0,145,4
SlotAllocation,0x558a83989a30,145,4
SlotAllocation,0x558a8391dfd0,146,0
SlotAllocation,0x558a839542a0,146,0
SlotAllocation,0x558a83989a30,146,0
SlotAllocation,0x558a8391dfd0,147,4
SlotAllocation,0x558a839542a0,147,4
SlotAllocation,0x558a83989a30,147,4
SlotAllocation,0x558a8391dfd0,148,0
SlotAllocation,0x558a839542a0,148,1
SlotAllocation,0x558a83989a30,148,2
SlotAllocation,0x558a8391dfd0,149,4
SlotAllocation,0x558a839542a0,149,4
SlotAllocation,0x558a83989a30,149,4
SlotAllocation,0x558a8391dfd0,150,1
SlotAllocation,0x558a839542a0,150,0
SlotAllocation,0x558a83989a30,150,0
SlotAllocation,0x558a8391dfd0,151,4
SlotAllocation,0x558a839542a0,151,4
SlotAllocation,0x558a83989a30,151,4
SlotAllocation,0x558a8391dfd0,152,0
SlotAllocation,0x558a839542a0,152,2
SlotAllocation,0x558a83989a30,152,1
SlotAllocation,0x558a8391dfd0,153,4
SlotAllocation,0x558a839542a0,153,4
SlotAllocation,0x558a83989a30,153,4
SlotAllocation,0x558a8391dfd0,154,0
SlotAllocation,0x558a839542a0,154,0
SlotAllocation,0x558a83989a30,154,0
SlotAllocation,0x558a8391dfd0,155,4
SlotAllocation,0x558a839542a0,155,4
SlotAllocation,0x558a83989a30,155,4
SlotAllocation,0x558a8391dfd0,156,1
SlotAllocation,0x558a839542a0,156,0
SlotAllocation,0x558a83989a30,156,0
SlotAllocation,0x558a8391dfd0,157,4
SlotAllocation,0x558a839542a0,157,4
SlotAllocation,0x558a83989a30,157,4
SlotAllocation,0x558a8391dfd0,158,0
SlotAllocation,0x558a839542a0,158,0
SlotAllocation,0x558a83989a30,158,1
SlotAllocation,0x558a8391dfd0,159,4
SlotAllocation,0x558a839542a0,159,4
SlotAllocation,0x558a83989a30,159,4
SlotAllocation,0x558a8391dfd0,160,0
SlotAllocation,0x558a839542a0,160,1
SlotAllocation,0x558a83989a30,160,0
SlotAllocation,0x558a8391dfd0,161,4
SlotAllocation,0x558a839542a0,161,4
SlotAllocation,0x558a83989a30,161,4
SlotAllocation,0x558a8391dfd0,162,0
SlotAllocation,0x558a839542a0,162,2
SlotAllocation,0x558a83989a30,162,0
SlotAllocation,0x558a8391dfd0,163,4
SlotAllocation,0x558a839542a0,163,4
SlotAllocation,0x558a83989a30,163,4
SlotAllocation,0x558a8391dfd0,164,1
SlotAllocation,0x558a839542a0,164,1
SlotAllocation,0x558a83989a30,164,1
SlotAllocation,0x558a8391dfd0,165,4
SlotAllocation,0x558a839542a0,165,4
SlotAllocation,0x558a83989a30,165,4
SlotAllocation,0x558a8391dfd0,166,1
SlotAllocation,0x558a839542a0,166,0
SlotAllocation,0x558a83989a30,166,0
SlotAllocation,0x558a8391dfd0,167,4
SlotAllocation,0x558a839542a0,167,4
SlotAllocation,0x558a83989a30,167,4
SlotAllocation,0x558a8391dfd0,168,0
SlotAllocation,0x558a839542a0,168,1
SlotAllocation,0x558a83989a30,168,1
SlotAllocation,0x558a8391dfd0,169,4
SlotAllocation,0x558a839542a0,169,4
SlotAllocation,0x558a83989a30,169,4
SlotAllocation,0x558a8391dfd0,170,2
SlotAllocation,0x558a839542a0,170,2
SlotAllocation,0x558a83989a30,170,0
SlotAllocation,0x558a8391dfd0,171,4
SlotAllocation,0x558a839542a0,171,4
SlotAllocation,0x558a83989a30,171,4
SlotAllocation,0x558a8391dfd0,172,0
SlotAllocation,0x558a839542a0,172,0
SlotAllocation,0x558a83989a30,172,0
SlotAllocation,0x558a8391dfd0,173,4
SlotAllocation,0x558a839542a0,173,4
SlotAllocation,0x558a83989a30,173,4
SlotAllocation,0x558a8391dfd0,174,0
SlotAllocation,0x558a839542a0,174,0
SlotAllocation,0x558a83989a30,174,2
SlotAllocation,0x558a8391dfd0,175,4
SlotAllocation,0x558a839542a0,175,4
SlotAllocation,0x558a83989a30,175,4
SlotAllocation,0x558a8391dfd0,176,1
SlotAllocation,0x558a839542a0,176,1
SlotAllocation,0x558a83989a30,176,0
SlotAllocation,0x558a8391dfd0,177,4
SlotAllocation,0x558a839542a0,177,4
SlotAllocation,0x558a83989a30,177,4
SlotAllocation,0x558a8391dfd0,178,0
SlotAllocation,0x558a839542a0,178,0
SlotAllocation,0x558a83989a30,178,1
SlotAllocation,0x558a8391dfd0,179,4
SlotAllocation,0x558a839542a0,179,4
SlotAllocation,0x558a83989a30,179,4
SlotAllocation,0x558a8391dfd0,180,0
SlotAllocation,0x558a839542a0,180,2
SlotAllocation,0x558a83989a30,180,0
SlotAllocation,0x558a8391dfd0,181,4
SlotAllocation,0x558a839542a0,181,4
SlotAllocation,0x558a83989a30,181,4
SlotAllocation,0x558a8391dfd0,182,1
SlotAllocation,0x558a839542a0,182,0
SlotAllocation,0x558a83989a30,182,0
SlotAllocation,0x558a8391dfd0,183,4
SlotAllocation,0x558a839542a0,183,4
SlotAllocation,0x558a83989a30,183,4
SlotAllocation,0x558a8391dfd0,184,0
SlotAllocation,0x558a839542a0,184,0
SlotAllocation,0x558a83989a30,184,1
SlotAllocation,0x558a8391dfd0,185,4
SlotAllocation,0x558a839542a0,185,4
SlotAllocation,0x558a83989a30,185,4
SlotAllocation,0x558a8391dfd0,186,2
SlotAllocation,0x558a839542a0,186,1
SlotAllocation,0x558a83989a30,186,1
SlotAllocation,0x558a8391dfd0,187,4
SlotAllocation,0x558a839542a0,187,4
SlotAllocation,0x558a83989a30,187,4
SlotAllocation,0x558a8391dfd0,188,1
SlotAllocation,0x558a839542a0,188,2
SlotAllocation,0x558a83989a30,188,0
SlotAllocation,0x558a8391dfd0,189,4
SlotAllocation,0x558a839542a0,189,4
SlotAllocation,0x558a83989a30,189,4
SlotAllocation,0x558a8391dfd0,190,0
SlotAllocation,0x558a839542a0,190,0
SlotAllocation,0x558a83989a30,190,0
SlotAllocation,0x558a8391dfd0,191,4
SlotAllocation,0x558a839542a0,191,4
SlotAllocation,0x558a83989a30,191,4
SlotAllocation,0x558a8391dfd0,192,0
SlotAllocation,0x558a839542a0,192,0
SlotAllocation,0x558a83989a30,192,1
SlotAllocation,0x558a8391dfd0,193,4
SlotAllocation,0x558a839542a0,193,4
SlotAllocation,0x558a83989a30,193,4
SlotAllocation,0x558a8391dfd0,194,1
SlotAllocation,0x558a839542a0,194,1
SlotAllocation,0x558a83989a30,194,0
SlotAllocation,0x558a8391dfd0,195,4
SlotAllocation,0x558a839542a0,195,4
SlotAllocation,0x558a83989a30,195,4
SlotAllocation,0x558a8391dfd0,196,0
SlotAllocation,0x558a839542a0,196,0
SlotAllocation,0x558a83989a30,196,1
SlotAllocation,0x558a8391dfd0,197,4
SlotAllocation,0x558a839542a0,197,4
SlotAllocation,0x558a83989a30,197,4
SlotAllocation,0x558a8391dfd0,198,0
SlotAllocation,0x558a839542a0,198,0
SlotAllocation,0x558a83989a30,198,2
SlotAllocation,0x558a8391dfd0,199,4
SlotAllocation,0x558a839542a0,199,4
SlotAllocation,0x558a83989a30,199,4
SlotAllocation,0x558a8391dfd0,200,0
SlotAllocation,0x558a839542a0,200,1
SlotAllocation,0x558a83989a30,200,0
SlotAllocation,0x558a8391dfd0,201,4
SlotAllocation,0x558a839542a0,201,4
SlotAllocation,0x558a83989a30,201,4
SlotAllocation,0x558a8391dfd0,202,1
SlotAllocation,0x558a839542a0,202,1
SlotAllocation,0x558a83989a30,202,0
SlotAllocation,0x558a8391dfd0,203,4
SlotAllocation,0x558a839542a0,203,4
SlotAllocation,0x558a83989a30,203,4
SlotAllocation,0x558a8391dfd0,204,2
SlotAllocation,0x558a839542a0,204,0
SlotAllocation,0x558a83989a30,204,1
SlotAllocation,0x558a8391dfd0,205,4
SlotAllocation,0x558a839542a0,205,4
SlotAllocation,0x558a83989a30,205,4
SlotAllocation,0x558a8391dfd0,206,0
SlotAllocation,0x558a839542a0,206,1
SlotAllocation,0x558a83989a30,206,0
SlotAllocation,0x558a8391dfd0,207,4
SlotAllocation,0x558a839542a0,207,4
SlotAllocation,0x558a83989a30,207,4
SlotAllocation,0x558a8391dfd0,208,2
SlotAllocation,0x558a839542a0,208,0
SlotAllocation,0x558a83989a30,208,1
SlotAllocation,0x558a8391dfd0,209,4
SlotAllocation,0x558a839542a0,209,4
SlotAllocation,0x558a83989a30,209,4
SlotAllocation,0x558a8391dfd0,210,0
SlotAllocation,0x558a839542a0,210,1
SlotAllocation,0x558a83989a30,210,2
SlotAllocation,0x558a8391dfd0,211,4
SlotAllocation,0x558a839542a0,211,4
SlotAllocation,0x558a83989a30,211,4
SlotAllocation,0x558a8391dfd0,212,1
SlotAllocation,0x558a839542a0,212,0
SlotAllocation,0x558a83989a30,212,0
SlotAllocation,0x558a8391dfd0,213,4
SlotAllocation,0x558a839542a0,213,4
SlotAllocation,0x558a83989a30,213,4
SlotAllocation,0x558a8391dfd0,214,0
SlotAllocation,0x558a839542a0,214,1
SlotAllocation,0x558a83989a30,214,1
SlotAllocation,0x558a8391dfd0,215,4
SlotAllocation,0x558a839542a0,215,4
SlotAllocation,0x558a83989a30,215,4
SlotAllocation,0x558a8391dfd0,216,0
SlotAllocation,0x558a839542a0,216,1
SlotAllocation,0x558a83989a30,216,0
SlotAllocation,0x558a8391dfd0,217,4
SlotAllocation,0x558a839542a0,217,4
SlotAllocation,0x558a83989a30,217,4
SlotAllocation,0x558a8391dfd0,218,1
SlotAllocation,0x558a839542a0,218,0
SlotAllocation,0x558a83989a30,218,1
SlotAllocation,0x558a8391dfd0,219,4
SlotAllocation,0x558a839542a0,219,4
SlotAllocation,0x558a83989a30,219,4
SlotAllocation,0x558a8391dfd0,220,0
SlotAllocation,0x558a839542a0,220,1
SlotAllocation,0x558a83989a30,220,0
SlotAllocation,0x558a8391dfd0,221,4
SlotAllocation,0x558a839542a0,221,4
SlotAllocation,0x558a83989a30,221,4
SlotAllocation,0x558a8391dfd0,222,1
SlotAllocation,0x558a839542a0,222,1
SlotAllocation,0x558a83989a30,222,1
SlotAllocation,0x558a8391dfd0,223,4
SlotAllocation,0x558a839542a0,223,4
SlotAllocation,0x558a83989a30,223,4
SlotAllocation,0x558a8391dfd0,224,0
SlotAllocation,0x558a839542a0,224,0
SlotAllocation,0x558a83989a30,224,0
SlotAllocation,0x558a8391dfd0,225,4
SlotAllocation,0x558a839542a0,225,4
SlotAllocation,0x558a83989a30,225,4
SlotAllocation,0x558a8391dfd0,226,0
SlotAllocation,0x558a839542a0,226,0
SlotAllocation,0x558a83989a30,226,1
SlotAllocation,0x558a8391dfd0,227,4
SlotAllocation,0x558a839542a0,227,4
SlotAllocation,0x558a83989a30,227,4
SlotAllocation,0x558a8391dfd0,228,1
SlotAllocation,0x558a839542a0,228,0
SlotAllocation,0x558a83989a30,228,1
SlotAllocation,0x558a8391dfd0,229,4
SlotAllocation,0x558a839542a0,229,4
SlotAllocation,0x558a83989a30,229,4
SlotAllocation,0x558a8391dfd0,230,0
SlotAllocation,0x558a839542a0,230,0
SlotAllocation,0x558a83989a30,230,0
SlotAllocation,0x558a8391dfd0,231,4
SlotAllocation,0x558a839542a0,231,4
SlotAllocation,0x558a83989a30,231,4
SlotAllocation,0x558a8391dfd0,232,0
SlotAllocation,0x558a839542a0,232,1
SlotAllocation,0x558a83989a30,232,0
SlotAllocation,0x558a8391dfd0,233,4
SlotAllocation,0x558a839542a0,233,4
SlotAllocation,0x558a83989a30,233,4
SlotAllocation,0x558a8391dfd0,234,2
SlotAllocation,0x558a839542a0,234,2
SlotAllocation,0x558a83989a30,234,1
SlotAllocation,0x558a8391dfd0,235,4
SlotAllocation,0x558a839542a0,235,4
SlotAllocation,0x558a83989a30,235,4
SlotAllocation,0x558a8391dfd0,236,1
SlotAllocation,0x558a839542a0,236,0
SlotAllocation,0x558a83989a30,236,0
SlotAllocation,0x558a8391dfd0,237,4
SlotAllocation,0x558a839542a0,237,4
SlotAllocation,0x558a83989a30,237,4
SlotAllocation,0x558a8391dfd0,238,1
SlotAllocation,0x558a839542a0,238,1
SlotAllocation,0x558a83989a30,238,0
SlotAllocation,0x558a8391dfd0,239,4
SlotAllocation,0x558a839542a0,239,4
SlotAllocation,0x558a83989a30,239,4
SlotAllocation,0x558a8391dfd0,240,0
SlotAllocation,0x558a839542a0,240,0
SlotAllocation,0x558a83989a30,240,1
SlotAllocation,0x558a8391dfd0,241,4
SlotAllocation,0x558a839542a0,241,4
SlotAllocation,0x558a83989a30,241,4
SlotAllocation,0x558a8391dfd0,242,0
SlotAllocation,0x558a839542a0,242,0
SlotAllocation,0x558a83989a30,242,0
SlotAllocation,0x558a8391dfd0,243,4
SlotAllocation,0x558a839542a0,243,4
SlotAllocation,0x558a83989a30,243,4
SlotAllocation,0x558a8391dfd0,244,2
SlotAllocation,0x558a839542a0,244,2
SlotAllocation,0x558a83989a30,244,0
SlotAllocation,0x558a8391dfd0,245,4
SlotAllocation,0x558a839542a0,245,4
SlotAllocation,0x558a83989a30,245,4
SlotAllocation,0x558a8391dfd0,246,0
SlotAllocation,0x558a839542a0,246,1
SlotAllocation,0x558a83989a30,246,1
SlotAllocation,0x558a8391dfd0,247,4
SlotAllocation,0x558a839542a0,247,4
SlotAllocation,0x558a83989a30,247,4
SlotAllocation,0x558a8391dfd0,248,1
SlotAllocation,0x558a839542a0,248,0
SlotAllocation,0x558a83989a30,248,0
SlotAllocation,0x558a8391dfd0,249,4
SlotAllocation,0x558a839542a0,249,4
SlotAllocation,0x558a83989a30,249,4
SlotAllocation,0x558a8391dfd0,250,0
SlotAllocation,0x558a839542a0,250,0
SlotAllocation,0x558a83989a30,250,0
SlotAllocation,0x558a8391dfd0,251,4
SlotAllocation,0x558a839542a0,251,4
SlotAllocation,0x558a83989a30,251,4
SlotAllocation,0x558a8391dfd0,252,1
SlotAllocation,0x558a839542a0,252,1
SlotAllocation,0x558a83989a30,252,1
SlotAllocation,0x558a8391dfd0,253,4
SlotAllocation,0x558a839542a0,253,4
SlotAllocation,0x558a83989a30,253,4
SlotAllocation,0x558a8391dfd0,254,0
SlotAllocation,0x558a839542a0,254,0
SlotAllocation,0x558a83989a30,254,0
SlotAllocation,0x558a8391dfd0,255,4
SlotAllocation,0x558a839542a0,255,4
SlotAllocation,0x558a83989a30,255,4
SlotAllocation,0x558a8391dfd0,256,0
SlotAllocation,0x558a839542a0,256,1
SlotAllocation,0x558a83989a30,256,2
SlotAllocation,0x558a8391dfd0,257,4
SlotAllocation,0x558a839542a0,257,4
SlotAllocation,0x558a83989a30,257,4
SlotAllocation,0x558a8391dfd0,258,2
SlotAllocation,0x558a839542a0,258,0
SlotAllocation,0x558a83989a30,258,1
SlotAllocation,0x558a8391dfd0,259,4
SlotAllocation,0x558a839542a0,259,4
SlotAllocation,0x558a83989a30,259,4
SlotAllocation,0x558a8391dfd0,260,1
SlotAllocation,0x558a839542a0,260,2
SlotAllocation,0x558a83989a30,260,0
SlotAllocation,0x558a8391dfd0,261,4
SlotAllocation,0x558a839542a0,261,4
SlotAllocation,0x558a83989a30,261,4
SlotAllocation,0x558a8391dfd0,262,0
SlotAllocation,0x558a839542a0,262,1
SlotAllocation,0x558a83989a30,262,1
SlotAllocation,0x558a8391dfd0,263,4
SlotAllocation,0x558a839542a0,263,4
SlotAllocation,0x558a83989a30,263,4
SlotAllocation,0x558a8391dfd0,264,1
SlotAllocation,0x558a839542a0,264,0
SlotAllocation,0x558a83989a30,264,0
SlotAllocation,0x558a8391dfd0,265,4
SlotAllocation,0x558a839542a0,265,4
SlotAllocation,0x558a83989a30,265,4
SlotAllocation,0x558a8391dfd0,266,0
SlotAllocation,0x558a839542a0,266,0
SlotAllocation,0x558a83989a30,266,0
SlotAllocation,0x558a8391dfd0,267,4
SlotAllocation,0x558a839542a0,267,4
SlotAllocation,0x558a83989a30,267,4
SlotAllocation,0x558a8391dfd0,268,0
SlotAllocation,0x558a839542a0,268,0
SlotAllocation,0x558a83989a30,268,0
SlotAllocation,0x558a8391dfd0,269,4
SlotAllocation,0x558a839542a0,269,4
SlotAllocation,0x558a83989a30,269,4
SlotAllocation,0x558a8391dfd0,270,1
SlotAllocation,0x558a839542a0,270,0
SlotAllocation,0x558a83989a30,270,1
SlotAllocation,0x558a8391dfd0,271,4
SlotAllocation,0x558a839542a0,271,4
SlotAllocation,0x558a83989a30,271,4
SlotAllocation,0x558a8391dfd0,272,2
SlotAllocation,0x558a839542a0,272,0
SlotAllocation,0x558a83989a30,272,1
SlotAllocation,0x558a8391dfd0,273,4
SlotAllocation,0x558a839542a0,273,4
SlotAllocation,0x558a83989a30,273,4
SlotAllocation,0x558a8391dfd0,274,1
SlotAllocation,0x558a839542a0,274,1
SlotAllocation,0x558a83989a30,274,0
SlotAllocation,0x558a8391dfd0,275,4
SlotAllocation,0x558a839542a0,275,4
SlotAllocation,0x558a83989a30,275,4
SlotAllocation,0x558a8391dfd0,276,0
SlotAllocation,0x558a839542a0,276,2
SlotAllocation,0x558a83989a30,276,0
SlotAllocation,0x558a8391dfd0,277,4
SlotAllocation,0x558a839542a0,277,4
SlotAllocation,0x558a83989a30,277,4
SlotAllocation,0x558a8391dfd0,278,0
SlotAllocation,0x558a839542a0,278,0
SlotAllocation,0x558a83989a30,278,1
SlotAllocation,0x558a8391dfd0,279,4
SlotAllocation,0x558a839542a0,279,4
SlotAllocation,0x558a83989a30,279,4
SlotAllocation,0x558a8391dfd0,280,0
SlotAllocation,0x558a839542a0,280,0
SlotAllocation,0x558a83989a30,280,2
SlotAllocation,0x558a8391dfd0,281,4
SlotAllocation,0x558a839542a0,281,4
SlotAllocation,0x558a83989a30,281,4
SlotAllocation,0x558a8391dfd0,282,0
SlotAllocation,0x558a839542a0,282,1
SlotAllocation,0x558a83989a30,282,1
SlotAllocation,0x558a8391dfd0,283,4
SlotAllocation,0x558a839542a0,283,4
SlotAllocation,0x558a83989a30,283,4
SlotAllocation,0x558a8391dfd0,284,1
SlotAllocation,0x558a839542a0,284,0
SlotAllocation,0x558a83989a30,284,0
SlotAllocation,0x558a8391dfd0,285,4
SlotAllocation,0x558a839542a0,285,4
SlotAllocation,0x558a83989a30,285,4
SlotAllocation,0x558a8391dfd0,286,0
SlotAllocation,0x558a839542a0,286,1
SlotAllocation,0x558a83989a30,286,0
SlotAllocation,0x558a8391dfd0,287,4
SlotAllocation,0x558a839542a0,287,4
SlotAllocation,0x558a83989a30,287,4
SlotAllocation,0x558a8391dfd0,288,1
SlotAllocation,0x558a839542a0,288,0
SlotAllocation,0x558a83989a30,288,0
SlotAllocation,0x558a8391dfd0,289,4
SlotAllocation,0x558a839542a0,289,4
SlotAllocation,0x558a83989a30,289,4
SlotAllocation,0x558a8391dfd0,290,1
SlotAllocation,0x558a839542a0,290,2
SlotAllocation,0x558a83989a30,290,1
SlotAllocation,0x558a8391dfd0,291,4
SlotAllocation,0x558a839542a0,291,4
SlotAllocation,0x558a83989a30,291,4
SlotAllocation,0x558a8391dfd0,292,0
SlotAllocation,0x558a839542a0,292,0
SlotAllocation,0x558a83989a30,292,2
SlotAllocation,0x558a8391dfd0,293,4
SlotAllocation,0x558a839542a0,293,4
SlotAllocation,0x558a83989a30,293,4
SlotAllocation,0x558a8391dfd0,294,0
SlotAllocation,0x558a839542a0,294,0
SlotAllocation,0x558a83989a30,294,0
SlotAllocation,0x558a8391dfd0,295,4
SlotAllocation,0x558a839542a0,295,4
SlotAllocation,0x558a83989a30,295,4
SlotAllocation,0x558a8391dfd0,296,2
SlotAllocation,0x558a839542a0,296,1
SlotAllocation,0x558a83989a30,296,1
SlotAllocation,0x558a8391dfd0,297,4
SlotAllocation,0x558a839542a0,297,4
SlotAllocation,0x558a83989a30,297,4
SlotAllocation,0x558a8391dfd0,298,0
SlotAllocation,0x558a839542a0,298,0
SlotAllocation,0x558a83989a30,298,0
SlotAllocation,0x558a8391dfd0,299,4
SlotAllocation,0x558a839542a0,299,4
SlotAllocation,0x558a83989a30,299,4
SlotAllocation,0x558a8391dfd0,300,1
SlotAllocation,0x558a839542a0,300,1
SlotAllocation,0x558a83989a30,300,0
SlotAllocation,0x558a8391dfd0,301,4
SlotAllocation,0x558a839542a0,301,4
SlotAllocation,0x558a83989a30,301,4
SlotAllocation,0x558a8391dfd0,302,0
SlotAllocation,0x558a839542a0,302,0
SlotAllocation,0x558a83989a30,302,1
SlotAllocation,0x558a8391dfd0,303,4
SlotAllocation,0x558a839542a0,303,4
SlotAllocation,0x558a83989a30,303,4
SlotAllocation,0x558a8391dfd0,304,0
SlotAllocation,0x558a839542a0,304,1
SlotAllocation,0x558a83989a30,304,0
SlotAllocation,0x558a8391dfd0,305,4
SlotAllocation,0x558a839542a0,305,4
SlotAllocation,0x558a83989a30,305,4
SlotAllocation,0x558a8391dfd0,306,0
SlotAllocation,0x558a839542a0,306,0
SlotAllocation,0x558a83989a30,306,0
SlotAllocation,0x558a8391dfd0,307,4
SlotAllocation,0x558a839542a0,307,4
SlotAllocation,0x558a83989a30,307,4
SlotAllocation,0x558a8391dfd0,308,2
SlotAllocation,0x558a839542a0,308,0
SlotAllocation,0x558a83989a30,308,1
SlotAllocation,0x558a8391dfd0,309,4
SlotAllocation,0x558a839542a0,309,4
SlotAllocation,0x558a83989a30,309,4
SlotAllocation,0x558a8391dfd0,310,1
SlotAllocation,0x558a839542a0,310,0
SlotAllocation,0x558a83989a30,310,0
SlotAllocation,0x558a8391dfd0,311,4
SlotAllocation,0x558a839542a0,311,4
SlotAllocation,0x558a83989a30,311,4
SlotAllocation,0x558a8391dfd0,312,0
SlotAllocation,0x558a839542a0,312,2
SlotAllocation,0x558a83989a30,312,2
SlotAllocation,0x558a8391dfd0,313,4
SlotAllocation,0x558a839542a0,313,4
SlotAllocation,0x558a83989a30,313,4
SlotAllocation,0x558a8391dfd0,314,0
SlotAllocation,0x558a839542a0,314,1
SlotAllocation,0x558a83989a30,314,0
SlotAllocation,0x558a8391dfd0,315,4
SlotAllocation,0x558a839542a0,315,4
SlotAllocation,0x558a83989a30,315,4
SlotAllocation,0x558a8391dfd0,316,1
SlotAllocation,0x558a839542a0,316,0
SlotAllocation,0x558a83989a30,316,1
SlotAllocation,0x558a8391dfd0,317,4
SlotAllocation,0x558a839542a0,317,4
SlotAllocation,0x558a83989a30,317,4
SlotAllocation,0x558a8391dfd0,318,0
SlotAllocation,0x558a839542a0,318,1
SlotAllocation,0x558a83989a30,318,0
SlotAllocation,0x558a8391dfd0,319,4
SlotAllocation,0x558a839542a0,319,4
SlotAllocation,0x558a83989a30,319,4
SlotAllocation,0x558a8391dfd0,320,1
SlotAllocation,0x558a839542a0,320,2
SlotAllocation,0x558a83989a30,320,1
SlotAllocation,0x558a8391dfd0,321,4
SlotAllocation,0x558a839542a0,321,4
SlotAllocation,0x558a83989a30,321,4
SlotAllocation,0x558a8391dfd0,322,0
SlotAllocation,0x558a839542a0,322,0
SlotAllocation,0x558a83989a30,322,0
SlotAllocation,0x558a8391dfd0,323,4
SlotAllocation,0x558a839542a0,323,4
SlotAllocation,0x558a83989a30,323,4
SlotAllocation,0x558a8391dfd0,324,1
SlotAllocation,0x558a839542a0,324,0
SlotAllocation,0x558a83989a30,324,0
SlotAllocation,0x558a8391dfd0,325,4
SlotAllocation,0x558a839542a0,325,4
SlotAllocation,0x558a83989a30,325,4
SlotAllocation,0x558a8391dfd0,326,0
SlotAllocation,0x558a839542a0,326,1
SlotAllocation,0x558a83989a30,326,1
SlotAllocation,0x558a8391dfd0,327,4
SlotAllocation,0x558a839542a0,327,4
SlotAllocation,0x558a83989a30,327,4
SlotAllocation,0x558a8391dfd0,328,0
SlotAllocation,0x558a839542a0,328,0
SlotAllocation,0x558a83989a30,328,0
SlotAllocation,0x558a8391dfd0,329,4
SlotAllocation,0x558a839542a0,329,4
SlotAllocation,0x558a83989a30,329,4
SlotAllocation,0x558a8391dfd0,330,1
SlotAllocation,0x558a839542a0,330,2
SlotAllocation,0x558a83989a30,330,0
SlotAllocation,0x558a8391dfd0,331,4
SlotAllocation,0x558a839542a0,331,4
SlotAllocation,0x558a83989a30,331,4
SlotAllocation,0x558a8391dfd0,332,0
SlotAllocation,0x558a839542a0,332,0
SlotAllocation,0x558a83989a30,332,2
SlotAllocation,0x558a8391dfd0,333,4
SlotAllocation,0x558a839542a0,333,4
SlotAllocation,0x558a83989a30,333,4
SlotAllocation,0x558a8391dfd0,334,1
SlotAllocation,0x558a839542a0,334,0
SlotAllocation,0x558a83989a30,334,1
SlotAllocation,0x558a8391dfd0,335,4
SlotAllocation,0x558a839542a0,335,4
SlotAllocation,0x558a83989a30,335,4
SlotAllocation,0x558a8391dfd0,336,0
SlotAllocation,0x558a839542a0,336,1
SlotAllocation,0x558a83989a30,336,0
SlotAllocation,0x558a8391dfd0,337,4
SlotAllocation,0x558a839542a0,337,4
SlotAllocation,0x558a83989a30,337,4
SlotAllocation,0x558a8391dfd0,338,2
SlotAllocation,0x558a839542a0,338,0
SlotAllocation,0x558a83989a30,338,2
SlotAllocation,0x558a8391dfd0,339,4
SlotAllocation,0x558a839542a0,339,4
SlotAllocation,0x558a83989a30,339,4
SlotAllocation,0x558a8391dfd0,340,1
SlotAllocation,0x558a839542a0,340,2
SlotAllocation,0x558a83989a30,340,0
SlotAllocation,0x558a8391dfd0,341,4
SlotAllocation,0x558a839542a0,341,4
SlotAllocation,0x558a83989a30,341,4
SlotAllocation,0x558a8391dfd0,342,0
SlotAllocation,0x558a839542a0,342,1
SlotAllocation,0x558a83989a30,342,1
SlotAllocation,0x558a8391dfd0,343,4
SlotAllocation,0x558a839542a0,343,4
SlotAllocation,0x558a83989a30,343,4
SlotAllocation,0x558a8391dfd0,344,1
SlotAllocation,0x558a839542a0,344,0
SlotAllocation,0x558a83989a30,344,0
SlotAllocation,0x558a8391dfd0,345,4
SlotAllocation,0x558a839542a0,345,4
SlotAllocation,0x558a83989a30,345,4
SlotAllocation,0x558a8391dfd0,346,0
SlotAllocation,0x558a839542a0,346,1
SlotAllocation,0x558a83989a30,346,0
SlotAllocation,0x558a8391dfd0,347,4
SlotAllocation,0x558a839542a0,347,4
SlotAllocation,0x558a83989a30,347,4
SlotAllocation,0x558a8391dfd0,348,0
SlotAllocation,0x558a839542a0,348,1
SlotAllocation,0x558a83989a30,348,1
SlotAllocation,0x558a8391dfd0,349,4
SlotAllocation,0x558a839542a0,349,4
SlotAllocation,0x558a83989a30,349,4
SlotAllocation,0x558a8391dfd0,350,1
SlotAllocation,0x558a839542a0,350,0
SlotAllocation,0x558a83989a30,350,0
SlotAllocation,0x558a8391dfd0,351,4
SlotAllocation,0x558a839542a0,351,4
SlotAllocation,0x558a83989a30,351,4
SlotAllocation,0x558a8391dfd0,352,0
SlotAllocation,0x558a839542a0,352,0
SlotAllocation,0x558a83989a30,352,1
SlotAllocation,0x558a8391dfd0,353,4
SlotAllocation,0x558a839542a0,353,4
SlotAllocation,0x558a83989a30,353,4
SlotAllocation,0x558a8391dfd0,354,1
SlotAllocation,0x558a839542a0,354,0
SlotAllocation,0x558a83989a30,354,0
SlotAllocation,0x558a8391dfd0,355,4
SlotAllocation,0x558a839542a0,355,4
SlotAllocation,0x558a83989a30,355,4
SlotAllocation,0x558a8391dfd0,356,2
SlotAllocation,0x558a839542a0,356,1
SlotAllocation,0x558a83989a30,356,1
SlotAllocation,0x558a8391dfd0,357,4
SlotAllocation,0x558a839542a0,357,4
SlotAllocation,0x558a83989a30,357,4
SlotAllocation,0x558a8391dfd0,358,0
SlotAllocation,0x558a839542a0,358,0
SlotAllocation,0x558a83989a30,358,0
SlotAllocation,0x558a8391dfd0,359,4
SlotAllocation,0x558a839542a0,359,4
SlotAllocation,0x558a83989a30,359,4
SlotAllocation,0x558a8391dfd0,360,1
SlotAllocation,0x558a839542a0,360,2
SlotAllocation,0x558a83989a30,360,0
SlotAllocation,0x558a8391dfd0,361,4
SlotAllocation,0x558a839542a0,361,4
SlotAllocation,0x558a83989a30,361,4
SlotAllocation,0x558a8391dfd0,362,0
SlotAllocation,0x558a839542a0,362,1
SlotAllocation,0x558a83989a30,362,2
SlotAllocation,0x558a8391dfd0,363,4
SlotAllocation,0x558a839542a0,363,4
SlotAllocation,0x558a83989a30,363,4
SlotAllocation,0x558a8391dfd0,364,2
SlotAllocation,0x558a839542a0,364,0
SlotAllocation,0x558a83989a30,364,1
SlotAllocation,0x558a8391dfd0,365,4
SlotAllocation,0x558a839542a0,365,4
SlotAllocation,0x558a83989a30,365,4
SlotAllocation,0x558a8391dfd0,366,0
SlotAllocation,0x558a839542a0,366,0
SlotAllocation,0x558a83989a30,366,0
SlotAllocation,0x558a8391dfd0,367,4
SlotAllocation,0x558a839542a0,367,4
SlotAllocation,0x558a83989a30,367,4
SlotAllocation,0x558a8391dfd0,368,0
SlotAllocation,0x558a839542a0,368,0
SlotAllocation,0x558a83989a30,368,1
SlotAllocation,0x558a8391dfd0,369,4
SlotAllocation,0x558a839542a0,369,4
SlotAllocation,0x558a83989a30,369,4
SlotAllocation,0x558a8391dfd0,370,1
SlotAllocation,0x558a839542a0,370,1
SlotAllocation,0x558a83989a30,370,0
SlotAllocation,0x558a8391dfd0,371,4
SlotAllocation,0x558a839542a0,371,4
SlotAllocation,0x558a83989a30,371,4
SlotAllocation,0x558a8391dfd0,372,0
SlotAllocation,0x558a839542a0,372,0
SlotAllocation,0x558a83989a30,372,1
SlotAllocation,0x558a8391dfd0,373,4
SlotAllocation,0x558a839542a0,373,4
SlotAllocation,0x558a83989a30,373,4
SlotAllocation,0x558a8391dfd0,374,0
SlotAllocation,0x558a839542a0,374,2
SlotAllocation,0x558a83989a30,374,0
SlotAllocation,0x558a8391dfd0,375,4
SlotAllocation,0x558a839542a0,375,4
SlotAllocation,0x558a83989a30,375,4
SlotAllocation,0x558a8391dfd0,376,1
SlotAllocation,0x558a839542a0,376,1
SlotAllocation,0x558a83989a30,376,0
SlotAllocation,0x558a8391dfd0,377,4
SlotAllocation,0x558a839542a0,377,4
SlotAllocation,0x558a83989a30,377,4
SlotAllocation,0x558a8391dfd0,378,0
SlotAllocation,0x558a839542a0,378,0
SlotAllocation,0x558a83989a30,378,1
SlotAllocation,0x558a8391dfd0,379,4
SlotAllocation,0x558a839542a0,379,4
SlotAllocation,0x558a83989a30,379,4
SlotAllocation,0x558a8391dfd0,380,0
SlotAllocation,0x558a839542a0,380,0
SlotAllocation,0x558a83989a30,380,0
SlotAllocation,0x558a8391dfd0,381,4
SlotAllocation,0x558a839542a0,381,4
SlotAllocation,0x558a83989a30,381,4
SlotAllocation,0x558a8391dfd0,382,1
SlotAllocation,0x558a839542a0,382,1
SlotAllocation,0x558a83989a30,382,0
SlotAllocation,0x558a8391dfd0,383,4
SlotAllocation,0x558a839542a0,383,4
SlotAllocation,0x558a83989a30,383,4
SlotAllocation,0x558a8391dfd0,384,2
SlotAllocation,0x558a839542a0,384,1
SlotAllocation,0x558a83989a30,384,1
SlotAllocation,0x558a8391dfd0,385,4
SlotAllocation,0x558a839542a0,385,4
SlotAllocation,0x558a83989a30,385,4
SlotAllocation,0x558a8391dfd0,386,0
SlotAllocation,0x558a839542a0,386,0
SlotAllocation,0x558a83989a30,386,0
SlotAllocation,0x558a8391dfd0,387,4
SlotAllocation,0x558a839542a0,387,4
SlotAllocation,0x558a83989a30,387,4
SlotAllocation,0x558a8391dfd0,388,0
SlotAllocation,0x558a839542a0,388,0
SlotAllocation,0x558a83989a30,388,2
SlotAllocation,0x558a8391dfd0,389,4
SlotAllocation,0x558a839542a0,389,4
SlotAllocation,0x558a83989a30,389,4
SlotAllocation,0x558a8391dfd0,390,1
SlotAllocation,0x558a839542a0,390,1
SlotAllocation,0x558a83989a30,390,1
SlotAllocation,0x558a8391dfd0,391,4
SlotAllocation,0x558a839542a0,391,4
SlotAllocation,0x558a83989a30,391,4
SlotAllocation,0x558a8391dfd0,392,0
SlotAllocation,0x558a839542a0,392,0
SlotAllocation,0x558a83989a30,392,0
SlotAllocation,0x558a8391dfd0,393,4
SlotAllocation,0x558a839542a0,393,4
SlotAllocation,0x558a83989a30,393,4
SlotAllocation,0x558a8391dfd0,394,1
SlotAllocation,0x558a839542a0,394,1
SlotAllocation,0x558a83989a30,394,0
SlotAllocation,0x558a8391dfd0,395,4
SlotAllocation,0x558a839542a0,395,4
SlotAllocation,0x558a83989a30,395,4
SlotAllocation,0x558a8391dfd0,396,0
SlotAllocation,0x558a839542a0,396,0
SlotAllocation,0x558a83989a30,396,1
SlotAllocation,0x558a8391dfd0,397,4
SlotAllocation,0x558a839542a0,397,4
SlotAllocation,0x558a83989a30,397,4
SlotAllocation,0x558a8391dfd0,398,2
SlotAllocation,0x558a839542a0,398,2
SlotAllocation,0x558a83989a30,398,0
SlotAllocation,0x558a8391dfd0,399,4
SlotAllocation,0x558a839542a0,399,4
SlotAllocation,0x558a83989a30,399,4
SlotAllocation,0x558a8391dfd0,400,0
SlotAllocation,0x558a839542a0,400,0
SlotAllocation,0x558a83989a30,400,0
SlotAllocation,0x558a8391dfd0,401,4
SlotAllocation,0x558a839542a0,401,4
SlotAllocation,0x558a83989a30,401,4
SlotAllocation,0x558a8391dfd0,402,1
SlotAllocation,0x558a839542a0,402,1
SlotAllocation,0x558a83989a30,402,1
SlotAllocation,0x558a8391dfd0,403,4
SlotAllocation,0x558a839542a0,403,4
SlotAllocation,0x558a83989a30,403,4
SlotAllocation,0x558a8391dfd0,404,0
SlotAllocation,0x558a839542a0,404,0
SlotAllocation,0x558a83989a30,404,2
SlotAllocation,0x558a8391dfd0,405,4
SlotAllocation,0x558a839542a0,405,4
SlotAllocation,0x558a83989a30,405,4
SlotAllocation,0x558a8391dfd0,406,1
SlotAllocation,0x558a839542a0,406,0
SlotAllocation,0x558a83989a30,406,1
SlotAllocation,0x558a8391dfd0,407,4
SlotAllocation,0x558a839542a0,407,4
SlotAllocation,0x558a83989a30,407,4
SlotAllocation,0x558a8391dfd0,408,0
SlotAllocation,0x558a839542a0,408,1
SlotAllocation,0x558a83989a30,408,0
SlotAllocation,0x558a8391dfd0,409,4
SlotAllocation,0x558a839542a0,409,4
SlotAllocation,0x558a83989a30,409,4
SlotAllocation,0x558a8391dfd0,410,4
SlotAllocation,0x558a839542a0,410,4
SlotAllocation,0x558a83989a30,410,4
SlotAllocation,0x558a8391dfd0,411,4
SlotAllocation,0x558a839542a0,411,4
SlotAllocation,0x558a83989a30,411,4
SlotAllocation,0x558a8391dfd0,412,4
SlotAllocation,0x558a839542a0,412,4
SlotAllocation,0x558a83989a30,412,4
SlotAllocation,0x558a8391dfd0,413,1
SlotAllocation,0x558a839542a0,413,0
SlotAllocation,0x558a83989a30,413,0
SlotAllocation,0x558a8391dfd0,414,4
SlotAllocation,0x558a839542a0,414,4
SlotAllocation,0x558a83989a30,414,4
SlotAllocation,0x558a8391dfd0,415,0
SlotAllocation,0x558a839542a0,415,0
SlotAllocation,0x558a83989a30,415,1
SlotAllocation,0x558a8391dfd0,416,4
SlotAllocation,0x558a839542a0,416,4
SlotAllocation,0x558a83989a30,416,4
SlotAllocation,0x558a8391dfd0,417,4
SlotAllocation,0x558a839542a0,417,4
SlotAllocation,0x558a83989a30,417,4
SlotAllocation,0x558a8391dfd0,418,4
SlotAllocation,0x558a839542a0,418,4
SlotAllocation,0x558a83989a30,418,4
SlotAllocation,0x558a8391dfd0,419,4
SlotAllocation,0x558a839542a0,419,4
SlotAllocation,0x558a83989a30,419,4
SlotAllocation,0x558a8391dfd0,420,0
SlotAllocation,0x558a839542a0,420,2
SlotAllocation,0x558a83989a30,420,0
SlotAllocation,0x558a8391dfd0,421,4
SlotAllocation,0x558a839542a0,421,4
SlotAllocation,0x558a83989a30,421,4
SlotAllocation,0x558a8391dfd0,422,0
SlotAllocation,0x558a839542a0,422,0
SlotAllocation,0x558a83989a30,422,4
SlotAllocation,0x558a8391dfd0,423,4
SlotAllocation,0x558a839542a0,423,4
SlotAllocation,0x558a83989a30,423,4
SlotAllocation,0x558a8391dfd0,424,4
SlotAllocation,0x558a839542a0,424,4
SlotAllocation,0x558a83989a30,424,4
SlotAllocation,0x558a8391dfd0,425,4
SlotAllocation,0x558a839542a0,425,0
SlotAllocation,0x558a83989a30,425,0
SlotAllocation,0x558a8391dfd0,426,4
SlotAllocation,0x558a839542a0,426,4
SlotAllocation,0x558a83989a30,426,4
SlotAllocation,0x558a8391dfd0,427,0
SlotAllocation,0x558a839542a0,427,0
SlotAllocation,0x558a83989a30,427,0
SlotAllocation,0x558a8391dfd0,428,4
SlotAllocation,0x558a839542a0,428,4
SlotAllocation,0x558a83989a30,428,4
SlotAllocation,0x558a8391dfd0,429,2
SlotAllocation,0x558a839542a0,429,4
SlotAllocation,0x558a83989a30,429,4
SlotAllocation,0x558a8391dfd0,430,4
SlotAllocation,0x558a839542a0,430,1
SlotAllocation,0x558a83989a30,430,4
SlotAllocation,0x558a8391dfd0,431,1
SlotAllocation,0x558a839542a0,431,4
SlotAllocation,0x558a83989a30,431,4
SlotAllocation,0x558a8391dfd0,432,4
SlotAllocation,0x558a839542a0,432,0
SlotAllocation,0x558a83989a30,432,0
SlotAllocation,0x558a8391dfd0,433,0
SlotAllocation,0x558a839542a0,433,4
SlotAllocation,0x558a83989a30,433,4
SlotAllocation,0x558a8391dfd0,434,4
SlotAllocation,0x558a839542a0,434,1
SlotAllocation,0x558a83989a30,434,1
SlotAllocation,0x558a8391dfd0,435,4
SlotAllocation,0x558a839542a0,435,4
SlotAllocation,0x558a83989a30,435,4
SlotAllocation,0x558a8391dfd0,436,4
SlotAllocation,0x558a839542a0,436,0
SlotAllocation,0x558a83989a30,436,0
SlotAllocation,0x558a8391dfd0,437,4
SlotAllocation,0x558a839542a0,437,4
SlotAllocation,0x558a83989a30,437,4
SlotAllocation,0x558a8391dfd0,438,0
SlotAllocation,0x558a839542a0,438,4
SlotAllocation,0x558a83989a30,438,0
SlotAllocation,0x558a8391dfd0,439,4
SlotAllocation,0x558a839542a0,439,1
SlotAllocation,0x558a83989a30,439,4
SlotAllocation,0x558a8391dfd0,440,0
SlotAllocation,0x558a839542a0,440,4
SlotAllocation,0x558a83989a30,440,4
SlotAllocation,0x558a8391dfd0,441,4
SlotAllocation,0x558a839542a0,441,0
SlotAllocation,0x558a83989a30,441,4
SlotAllocation,0x558a8391dfd0,442,4
SlotAllocation,0x558a839542a0,442,4
SlotAllocation,0x558a83989a30,442,4
SlotAllocation,0x558a8391dfd0,443,4
SlotAllocation,0x558a839542a0,443,4
SlotAllocation,0x558a83989a30,443,1
SlotAllocation,0x558a8391dfd0,444,4
SlotAllocation,0x558a839542a0,444,4
SlotAllocation,0x558a83989a30,444,4
SlotAllocation,0x558a8391dfd0,445,0
SlotAllocation,0x558a839542a0,445,4
SlotAllocation,0x558a83989a30,445,0
SlotAllocation,0x558a8391dfd0,446,4
SlotAllocation,0x558a839542a0,446,1
SlotAllocation,0x558a83989a30,446,4
SlotAllocation,0x558a8391dfd0,447,0
SlotAllocation,0x558a839542a0,447,4
SlotAllocation,0x558a83989a30,447,4
SlotAllocation,0x558a8391dfd0,448,4
SlotAllocation,0x558a839542a0,448,2
SlotAllocation,0x558a83989a30,448,1
SlotAllocation,0x558a8391dfd0,449,1
SlotAllocation,0x558a839542a0,449,4
SlotAllocation,0x558a83989a30,449,4
SlotAllocation,0x558a8391dfd0,450,4
SlotAllocation,0x558a839542a0,450,4
SlotAllocation,0x558a83989a30,450,0
SlotAllocation,0x558a8391dfd0,451,0
SlotAllocation,0x558a839542a0,451,4
SlotAllocation,0x558a83989a30,451,4
SlotAllocation,0x558a8391dfd0,452,4
SlotAllocation,0x558a839542a0,452,4
SlotAllocation,0x558a83989a30,452,1
SlotAllocation,0x558a8391dfd0,453,1
SlotAllocation,0x558a839542a0,453,0
SlotAllocation,0x558a83989a30,453,4
SlotAllocation,0x558a8391dfd0,454,4
SlotAllocation,0x558a839542a0,454,4
SlotAllocation,0x558a83989a30,454,0
SlotAllocation,0x558a8391dfd0,455,0
SlotAllocation,0x558a839542a0,455,0
SlotAllocation,0x558a83989a30,455,4
SlotAllocation,0x558a8391dfd0,456,4
SlotAllocation,0x558a839542a0,456,4
SlotAllocation,0x558a83989a30,456,0
SlotAllocation,0x558a8391dfd0,457,4
SlotAllocation,0x558a839542a0,457,4
SlotAllocation,0x558a83989a30,457,4
SlotAllocation,0x558a8391dfd0,458,2
SlotAllocation,0x558a839542a0,458,4
SlotAllocation,0x558a83989a30,458,0
SlotAllocation,0x558a8391dfd0,459,4
SlotAllocation,0x558a839542a0,459,4
SlotAllocation,0x558a83989a30,459,4
SlotAllocation,0x558a8391dfd0,460,1
SlotAllocation,0x558a839542a0,460,0
SlotAllocation,0x558a83989a30,460,4
SlotAllocation,0x558a8391dfd0,461,4
SlotAllocation,0x558a839542a0,461,4
SlotAllocation,0x558a83989a30,461,1
SlotAllocation,0x558a8391dfd0,462,4
SlotAllocation,0x558a839542a0,462,0
SlotAllocation,0x558a83989a30,462,4
SlotAllocation,0x558a8391dfd0,463,0
SlotAllocation,0x558a839542a0,463,4
SlotAllocation,0x558a83989a30,463,1
SlotAllocation,0x558a8391dfd0,464,4
SlotAllocation,0x558a839542a0,464,4
SlotAllocation,0x558a83989a30,464,4
SlotAllocation,0x558a8391dfd0,465,0
SlotAllocation,0x558a839542a0,465,1
SlotAllocation,0x558a83989a30,465,2
SlotAllocation,0x558a8391dfd0,466,4
SlotAllocation,0x558a839542a0,466,4
SlotAllocation,0x558a83989a30,466,4
SlotAllocation,0x558a8391dfd0,467,4
SlotAllocation,0x558a839542a0,467,1
SlotAllocation,0x558a83989a30,467,0
SlotAllocation,0x558a8391dfd0,468,1
SlotAllocation,0x558a839542a0,468,4
SlotAllocation,0x558a83989a30,468,4
SlotAllocation,0x558a8391dfd0,469,4
SlotAllocation,0x558a839542a0,469,4
SlotAllocation,0x558a83989a30,469,4
SlotAllocation,0x558a8391dfd0,470,0
SlotAllocation,0x558a839542a0,470,0
SlotAllocation,0x558a83989a30,470,0
SlotAllocation,0x558a8391dfd0,471,4
SlotAllocation,0x558a839542a0,471,4
SlotAllocation,0x558a83989a30,471,4
SlotAllocation,0x558a8391dfd0,472,1
SlotAllocation,0x558a839542a0,472,4
SlotAllocation,0x558a83989a30,472,1
SlotAllocation,0x558a8391dfd0,473,4
SlotAllocation,0x558a839542a0,473,4
SlotAllocation,0x558a83989a30,473,4
SlotAllocation,0x558a8391dfd0,474,4
SlotAllocation,0x558a839542a0,474,4
SlotAllocation,0x558a83989a30,474,4
SlotAllocation,0x558a8391dfd0,475,4
SlotAllocation,0x558a839542a0,475,0
SlotAllocation,0x558a83989a30,475,4
SlotAllocation,0x558a8391dfd0,476,4
SlotAllocation,0x558a839542a0,476,4
SlotAllocation,0x558a83989a30,476,4
SlotAllocation,0x558a8391dfd0,477,0
SlotAllocation,0x558a839542a0,477,0
SlotAllocation,0x558a83989a30,477,0
SlotAllocation,0x558a8391dfd0,478,4
SlotAllocation,0x558a839542a0,478,4
SlotAllocation,0x558a83989a30,478,4
SlotAllocation,0x558a8391dfd0,479,0
SlotAllocation,0x558a839542a0,479,4
SlotAllocation,0x558a83989a30,479,0
SlotAllocation,0x558a8391dfd0,480,4
SlotAllocation,0x558a839542a0,480,4
SlotAllocation,0x558a83989a30,480,4
SlotAllocation,0x558a8391dfd0,481,1
SlotAllocation,0x558a839542a0,481,4
SlotAllocation,0x558a83989a30,481,1
SlotAllocation,0x558a8391dfd0,482,4
SlotAllocation,0x558a839542a0,482,0
SlotAllocation,0x558a83989a30,482,4
SlotAllocation,0x558a8391dfd0,483,1
SlotAllocation,0x558a839542a0,483,4
SlotAllocation,0x558a83989a30,483,4
SlotAllocation,0x558a8391dfd0,484,4
SlotAllocation,0x558a839542a0,484,0
SlotAllocation,0x558a83989a30,484,0
SlotAllocation,0x558a8391dfd0,485,0
SlotAllocation,0x558a839542a0,485,4
SlotAllocation,0x558a83989a30,485,4
SlotAllocation,0x558a8391dfd0,486,4
SlotAllocation,0x558a839542a0,486,1
SlotAllocation,0x558a83989a30,486,0
SlotAllocation,0x558a8391dfd0,487,0
SlotAllocation,0x558a839542a0,487,4
SlotAllocation,0x558a83989a30,487,4
SlotAllocation,0x558a8391dfd0,488,4
SlotAllocation,0x558a839542a0,488,2
SlotAllocation,0x558a83989a30,488,2
SlotAllocation,0x558a8391dfd0,489,2
SlotAllocation,0x558a839542a0,489,4
SlotAllocation,0x558a83989a30,489,4
SlotAllocation,0x558a8391dfd0,490,4
SlotAllocation,0x558a839542a0,490,4
SlotAllocation,0x558a83989a30,490,4
SlotAllocation,0x558a8391dfd0,491,4
SlotAllocation,0x558a839542a0,491,0
SlotAllocation,0x558a83989a30,491,4
SlotAllocation,0x558a8391dfd0,492,1
SlotAllocation,0x558a839542a0,492,4
SlotAllocation,0x558a83989a30,492,4
SlotAllocation,0x558a8391dfd0,493,4
SlotAllocation,0x558a839542a0,493,0
SlotAllocation,0x558a83989a30,493,0
SlotAllocation,0x558a8391dfd0,494,0
SlotAllocation,0x558a839542a0,494,4
SlotAllocation,0x558a83989a30,494,4
SlotAllocation,0x558a8391dfd0,495,4
SlotAllocation,0x558a839542a0,495,4
SlotAllocation,0x558a83989a30,495,2
SlotAllocation,0x558a8391dfd0,496,1
SlotAllocation,0x558a839542a0,496,4
SlotAllocation,0x558a83989a30,496,4
SlotAllocation,0x558a8391dfd0,497,4
SlotAllocation,0x558a839542a0,497,4
SlotAllocation,0x558a83989a30,497,0
SlotAllocation,0x558a8391dfd0,498,4
SlotAllocation,0x558a839542a0,498,0
SlotAllocation,0x558a83989a30,498,4
SlotAllocation,0x558a8391dfd0,499,0
SlotAllocation,0x558a839542a0,499,4
SlotAllocation,0x558a83989a30,499,4
SlotAllocation,0x558a8391dfd0,500,4
SlotAllocation,0x558a839542a0,500,0
SlotAllocation,0x558a83989a30,500,1
SlotAllocation,0x558a8391dfd0,501,0
SlotAllocation,0x558a839542a0,501,4
SlotAllocation,0x558a83989a30,501,4
SlotAllocation,0x558a8391dfd0,502,4
SlotAllocation,0x558a839542a0,502,4
SlotAllocation,0x558a83989a30,502,4
SlotAllocation,0x558a8391dfd0,503,0
SlotAllocation,0x558a839542a0,503,1
SlotAllocation,0x558a83989a30,503,4
SlotAllocation,0x558a8391dfd0,504,4
SlotAllocation,0x558a839542a0,504,4
SlotAllocation,0x558a83989a30,504,4
SlotAllocation,0x558a8391dfd0,505,1
SlotAllocation,0x558a839542a0,505,2
SlotAllocation,0x558a83989a30,505,0
SlotAllocation,0x558a8391dfd0,506,4
SlotAllocation,0x558a839542a0,506,4
SlotAllocation,0x558a83989a30,506,4
SlotAllocation,0x558a8391dfd0,507,4
SlotAllocation,0x558a839542a0,507,4
SlotAllocation,0x558a83989a30,507,1
SlotAllocation,0x558a8391dfd0,508,0
SlotAllocation,0x558a839542a0,508,4
SlotAllocation,0x558a83989a30,508,4
SlotAllocation,0x558a8391dfd0,509,4
SlotAllocation,0x558a839542a0,509,4
SlotAllocation,0x558a83989a30,509,4
SlotAllocation,0x558a8391dfd0,510,0
SlotAllocation,0x558a839542a0,510,0
SlotAllocation,0x558a83989a30,510,4
SlotAllocation,0x558a8391dfd0,511,4
SlotAllocation,0x558a839542a0,511,4
SlotAllocation,0x558a83989a30,511,4
SlotAllocation,0x558a8391dfd0,512,1
SlotAllocation,0x558a839542a0,512,1
SlotAllocation,0x558a83989a30,512,0
SlotAllocation,0x558a8391dfd0,513,4
SlotAllocation,0x558a839542a0,513,4
SlotAllocation,0x558a83989a30,513,4
SlotAllocation,0x558a8391dfd0,514,4
SlotAllocation,0x558a839542a0,514,4
SlotAllocation,0x558a83989a30,514,1
SlotAllocation,0x558a8391dfd0,515,0
SlotAllocation,0x558a839542a0,515,4
SlotAllocation,0x558a83989a30,515,4
SlotAllocation,0x558a8391dfd0,516,4
SlotAllocation,0x558a839542a0,516,4
SlotAllocation,0x558a83989a30,516,0
SlotAllocation,0x558a8391dfd0,517,1
SlotAllocation,0x558a839542a0,517,0
SlotAllocation,0x558a83989a30,517,4
SlotAllocation,0x558a8391dfd0,518,4
SlotAllocation,0x558a839542a0,518,4
SlotAllocation,0x558a83989a30,518,0
SlotAllocation,0x558a8391dfd0,519,0
SlotAllocation,0x558a839542a0,519,0
SlotAllocation,0x558a83989a30,519,4
SlotAllocation,0x558a8391dfd0,520,4
SlotAllocation,0x558a839542a0,520,4
SlotAllocation,0x558a83989a30,520,4
SlotAllocation,0x558a8391dfd0,521,1
SlotAllocation,0x558a839542a0,521,1
SlotAllocation,0x558a83989a30,521,4
SlotAllocation,0x558a8391dfd0,522,4
SlotAllocation,0x558a839542a0,522,4
SlotAllocation,0x558a83989a30,522,4
SlotAllocation,0x558a8391dfd0,523,4
SlotAllocation,0x558a839542a0,523,0
SlotAllocation,0x558a83989a30,523,2
SlotAllocation,0x558a8391dfd0,524,4
SlotAllocation,0x558a839542a0,524,4
SlotAllocation,0x558a83989a30,524,4
SlotAllocation,0x558a8391dfd0,525,4
SlotAllocation,0x558a839542a0,525,0
SlotAllocation,0x558a83989a30,525,1
SlotAllocation,0x558a8391dfd0,526,1
SlotAllocation,0x558a839542a0,526,4
SlotAllocation,0x558a83989a30,526,4
SlotAllocation,0x558a8391dfd0,527,4
SlotAllocation,0x558a839542a0,527,1
SlotAllocation,0x558a83989a30,527,0
SlotAllocation,0x558a8391dfd0,528,1
SlotAllocation,0x558a839542a0,528,4
SlotAllocation,0x558a83989a30,528,4
SlotAllocation,0x558a8391dfd0,529,4
SlotAllocation,0x558a839542a0,529,4
SlotAllocation,0x558a83989a30,529,4
SlotAllocation,0x558a8391dfd0,530,0
SlotAllocation,0x558a839542a0,530,1
SlotAllocation,0x558a83989a30,530,4
SlotAllocation,0x558a8391dfd0,531,4
SlotAllocation,0x558a839542a0,531,4
SlotAllocation,0x558a83989a30,531,4
SlotAllocation,0x558a8391dfd0,532,0
SlotAllocation,0x558a839542a0,532,2
SlotAllocation,0x558a83989a30,532,1
SlotAllocation,0x558a8391dfd0,533,4
SlotAllocation,0x558a839542a0,533,4
SlotAllocation,0x558a83989a30,533,4
SlotAllocation,0x558a8391dfd0,534,1
SlotAllocation,0x558a839542a0,534,0
SlotAllocation,0x558a83989a30,534,0
SlotAllocation,0x558a8391dfd0,535,4
SlotAllocation,0x558a839542a0,535,4
SlotAllocation,0x558a83989a30,535,4
SlotAllocation,0x558a8391dfd0,536,0
SlotAllocation,0x558a839542a0,536,4
SlotAllocation,0x558a83989a30,536,1
SlotAllocation,0x558a8391dfd0,537,4
SlotAllocation,0x558a839542a0,537,4
SlotAllocation,0x558a83989a30,537,4
SlotAllocation,0x558a8391dfd0,538,4
SlotAllocation,0x558a839542a0,538,4
SlotAllocation,0x558a83989a30,538,4
SlotAllocation,0x558a8391dfd0,539,0
SlotAllocation,0x558a839542a0,539,1
SlotAllocation,0x558a83989a30,539,4
SlotAllocation,0x558a8391dfd0,540,4
SlotAllocation,0x558a839542a0,540,4
SlotAllocation,0x558a83989a30,540,4
SlotAllocation,0x558a8391dfd0,541,0
SlotAllocation,0x558a839542a0,541,2
SlotAllocation,0x558a83989a30,541,0
SlotAllocation,0x558a8391dfd0,542,4
SlotAllocation,0x558a839542a0,542,4
SlotAllocation,0x558a83989a30,542,4
SlotAllocation,0x558a8391dfd0,543,4
SlotAllocation,0x558a839542a0,543,4
SlotAllocation,0x558a83989a30,543,2
SlotAllocation,0x558a8391dfd0,544,0
SlotAllocation,0x558a839542a0,544,4
SlotAllocation,0x558a83989a30,544,4
SlotAllocation,0x558a8391dfd0,545,4
SlotAllocation,0x558a839542a0,545,4
SlotAllocation,0x558a83989a30,545,0
SlotAllocation,0x558a8391dfd0,546,1
SlotAllocation,0x558a839542a0,546,0
SlotAllocation,0x558a83989a30,546,4
SlotAllocation,0x558a8391dfd0,547,4
SlotAllocation,0x558a839542a0,547,4
SlotAllocation,0x558a83989a30,547,4
SlotAllocation,0x558a8391dfd0,548,0
SlotAllocation,0x558a839542a0,548,0
SlotAllocation,0x558a83989a30,548,4
SlotAllocation,0x558a8391dfd0,549,4
SlotAllocation,0x558a839542a0,549,4
SlotAllocation,0x558a83989a30,549,4
SlotAllocation,0x558a8391dfd0,550,2
SlotAllocation,0x558a839542a0,550,4
SlotAllocation,0x558a83989a30,550,1
SlotAllocation,0x558a8391dfd0,551,4
SlotAllocation,0x558a839542a0,551,4
SlotAllocation,0x558a83989a30,551,4
SlotAllocation,0x558a8391dfd0,552,1
SlotAllocation,0x558a839542a0,552,4
SlotAllocation,0x558a83989a30,552,1
SlotAllocation,0x558a8391dfd0,553,4
SlotAllocation,0x558a839542a0,553,0
SlotAllocation,0x558a83989a30,553,4
SlotAllocation,0x558a8391dfd0,554,4
SlotAllocation,0x558a839542a0,554,4
SlotAllocation,0x558a83989a30,554,4
SlotAllocation,0x558a8391dfd0,555,0
SlotAllocation,0x558a839542a0,555,0
SlotAllocation,0x558a83989a30,555,0
SlotAllocation,0x558a8391dfd0,556,4
SlotAllocation,0x558a839542a0,556,4
SlotAllocation,0x558a83989a30,556,4
SlotAllocation,0x558a8391dfd0,557,4
SlotAllocation,0x558a839542a0,557,4
SlotAllocation,0x558a83989a30,557,0
SlotAllocation,0x558a8391dfd0,558,4
SlotAllocation,0x558a839542a0,558,1
SlotAllocation,0x558a83989a30,558,4
SlotAllocation,0x558a8391dfd0,559,4
SlotAllocation,0x558a839542a0,559,4
SlotAllocation,0x558a83989a30,559,4
SlotAllocation,0x558a8391dfd0,560,0
SlotAllocation,0x558a839542a0,560,0
SlotAllocation,0x558a83989a30,560,1
SlotAllocation,0x558a8391dfd0,561,4
SlotAllocation,0x558a839542a0,561,4
SlotAllocation,0x558a83989a30,561,4
SlotAllocation,0x558a8391dfd0,562,1
SlotAllocation,0x558a839542a0,562,0
SlotAllocation,0x558a83989a30,562,2
SlotAllocation,0x558a8391dfd0,563,4
SlotAllocation,0x558a839542a0,563,4
SlotAllocation,0x558a83989a30,563,4
SlotAllocation,0x558a8391dfd0,564,0
SlotAllocation,0x558a839542a0,564,0
SlotAllocation,0x558a83989a30,564,0
SlotAllocation,0x558a8391dfd0,565,4
SlotAllocation,0x558a839542a0,565,4
SlotAllocation,0x558a83989a30,565,4
SlotAllocation,0x558a8391dfd0,566,2
SlotAllocation,0x558a839542a0,566,4
SlotAllocation,0x558a83989a30,566,1
SlotAllocation,0x558a8391dfd0,567,4
SlotAllocation,0x558a839542a0,567,4
SlotAllocation,0x558a83989a30,567,4
SlotAllocation,0x558a8391dfd0,568,4
SlotAllocation,0x558a839542a0,568,4
SlotAllocation,0x558a83989a30,568,4
SlotAllocation,0x558a8391dfd0,569,4
SlotAllocation,0x558a839542a0,569,1
SlotAllocation,0x558a83989a30,569,4
SlotAllocation,0x558a8391dfd0,570,4
SlotAllocation,0x558a839542a0,570,4
SlotAllocation,0x558a83989a30,570,4
SlotAllocation,0x558a8391dfd0,571,1
SlotAllocation,0x558a839542a0,571,1
SlotAllocation,0x558a83989a30,571,0
SlotAllocation,0x558a8391dfd0,572,4
SlotAllocation,0x558a839542a0,572,4
SlotAllocation,0x558a83989a30,572,4
SlotAllocation,0x558a8391dfd0,573,0
SlotAllocation,0x558a839542a0,573,4
SlotAllocation,0x558a83989a30,573,0
SlotAllocation,0x558a8391dfd0,574,4
SlotAllocation,0x558a839542a0,574,4
SlotAllocation,0x558a83989a30,574,4
SlotAllocation,0x558a8391dfd0,575,4
SlotAllocation,0x558a839542a0,575,4
SlotAllocation,0x558a83989a30,575,4
SlotAllocation,0x558a8391dfd0,576,4
SlotAllocation,0x558a839542a0,576,0
SlotAllocation,0x558a83989a30,576,4
SlotAllocation,0x558a8391dfd0,577,4
SlotAllocation,0x558a839542a0,577,4
SlotAllocation,0x558a83989a30,577,4
SlotAllocation,0x558a8391dfd0,578,0
SlotAllocation,0x558a839542a0,578,2
SlotAllocation,0x558a83989a30,578,1
SlotAllocation,0x558a8391dfd0,579,4
SlotAllocation,0x558a839542a0,579,4
SlotAllocation,0x558a83989a30,579,4
SlotAllocation,0x558a8391dfd0,580,1
SlotAllocation,0x558a839542a0,580,4
SlotAllocation,0x558a83989a30,580,0
SlotAllocation,0x558a8391dfd0,581,4
SlotAllocation,0x558a839542a0,581,0
SlotAllocation,0x558a83989a30,581,4
SlotAllocation,0x558a8391dfd0,582,2
SlotAllocation,0x558a839542a0,582,4
SlotAllocation,0x558a83989a30,582,1
SlotAllocation,0x558a8391dfd0,583,4
SlotAllocation,0x558a839542a0,583,0
SlotAllocation,0x558a83989a30,583,4
SlotAllocation,0x558a8391dfd0,584,0
SlotAllocation,0x558a839542a0,584,4
SlotAllocation,0x558a83989a30,584,0
SlotAllocation,0x558a8391dfd0,585,4
SlotAllocation,0x558a839542a0,585,0
SlotAllocation,0x558a83989a30,585,4
SlotAllocation,0x558a8391dfd0,586,0
SlotAllocation,0x558a839542a0,586,4
SlotAllocation,0x558a83989a30,586,4
SlotAllocation,0x558a8391dfd0,587,4
SlotAllocation,0x558a839542a0,587,4
SlotAllocation,0x558a83989a30,587,1
SlotAllocation,0x558a8391dfd0,588,4
SlotAllocation,0x558a839542a0,588,4
SlotAllocation,0x558a83989a30,588,4
SlotAllocation,0x558a8391dfd0,589,4
SlotAllocation,0x558a839542a0,589,4
SlotAllocation,0x558a83989a30,589,1
SlotAllocation,0x558a8391dfd0,590,4
SlotAllocation,0x558a839542a0,590,1
SlotAllocation,0x558a83989a30,590,4
SlotAllocation,0x558a8391dfd0,591,0
SlotAllocation,0x558a839542a0,591,4
SlotAllocation,0x558a83989a30,591,0
SlotAllocation,0x558a8391dfd0,592,4
SlotAllocation,0x558a839542a0,592,1
SlotAllocation,0x558a83989a30,592,4
SlotAllocation,0x558a8391dfd0,593,0
SlotAllocation,0x558a839542a0,593,4
SlotAllocation,0x558a83989a30,593,1
SlotAllocation,0x558a8391dfd0,594,4
SlotAllocation,0x558a839542a0,594,0
SlotAllocation,0x558a83989a30,594,4
SlotAllocation,0x558a8391dfd0,595,1
SlotAllocation,0x558a839542a0,595,4
SlotAllocation,0x558a83989a30,595,2
SlotAllocation,0x558a8391dfd0,596,4
SlotAllocation,0x558a839542a0,596,4
SlotAllocation,0x558a83989a30,596,4
SlotAllocation,0x558a8391dfd0,597,0
SlotAllocation,0x558a839542a0,597,4
SlotAllocation,0x558a83989a30,597,0
SlotAllocation,0x558a8391dfd0,598,4
SlotAllocation,0x558a839542a0,598,4
SlotAllocation,0x558a83989a30,598,4
SlotAllocation,0x558a8391dfd0,599,4
SlotAllocation,0x558a839542a0,599,1
SlotAllocation,0x558a83989a30,599,4
SlotAllocation,0x558a8391dfd0,600,4
SlotAllocation,0x558a839542a0,600,4
SlotAllocation,0x558a83989a30,600,0
SlotAllocation,0x558a8391dfd0,601,4
SlotAllocation,0x558a839542a0,601,0
SlotAllocation,0x558a83989a30,601,4
SlotAllocation,0x558a8391dfd0,602,0
SlotAllocation,0x558a839542a0,602,4
SlotAllocation,0x558a83989a30,602,1
SlotAllocation,0x558a8391dfd0,603,4
SlotAllocation,0x558a839542a0,603,4
SlotAllocation,0x558a83989a30,603,4
SlotAllocation,0x558a8391dfd0,604,4
SlotAllocation,0x558a839542a0,604,4
SlotAllocation,0x558a83989a30,604,4
SlotAllocation,0x558a8391dfd0,605,4
SlotAllocation,0x558a839542a0,605,4
SlotAllocation,0x558a83989a30,605,2
SlotAllocation,0x558a8391dfd0,606,4
SlotAllocation,0x558a839542a0,606,2
SlotAllocation,0x558a83989a30,606,4
SlotAllocation,0x558a8391dfd0,607,1
SlotAllocation,0x558a839542a0,607,4
SlotAllocation,0x558a83989a30,607,0
SlotAllocation,0x558a8391dfd0,608,4
SlotAllocation,0x558a839542a0,608,0
SlotAllocation,0x558a83989a30,608,4
SlotAllocation,0x558a8391dfd0,609,0
SlotAllocation,0x558a839542a0,609,4
SlotAllocation,0x558a83989a30,609,1
SlotAllocation,0x558a8391dfd0,610,4
SlotAllocation,0x558a839542a0,610,4
SlotAllocation,0x558a83989a30,610,4
SlotAllocation,0x558a8391dfd0,611,0
SlotAllocation,0x558a839542a0,611,0
SlotAllocation,0x558a83989a30,611,4
SlotAllocation,0x558a8391dfd0,612,4
SlotAllocation,0x558a839542a0,612,4
SlotAllocation,0x558a83989a30,612,4
SlotAllocation,0x558a8391dfd0,613,1
SlotAllocation,0x558a839542a0,613,0
SlotAllocation,0x558a83989a30,613,4
SlotAllocation,0x558a8391dfd0,614,4
SlotAllocation,0x558a839542a0,614,4
SlotAllocation,0x558a83989a30,614,0
SlotAllocation,0x558a8391dfd0,615,0
SlotAllocation,0x558a839542a0,615,4
SlotAllocation,0x558a83989a30,615,4
SlotAllocation,0x558a8391dfd0,616,4
SlotAllocation,0x558a839542a0,616,0
SlotAllocation,0x558a83989a30,616,4
SlotAllocation,0x558a8391dfd0,617,2
SlotAllocation,0x558a839542a0,617,4
SlotAllocation,0x558a83989a30,617,1
SlotAllocation,0x558a8391dfd0,618,4
SlotAllocation,0x558a839542a0,618,0
SlotAllocation,0x558a83989a30,618,4
SlotAllocation,0x558a8391dfd0,619,1
SlotAllocation,0x558a839542a0,619,4
SlotAllocation,0x558a83989a30,619,0
SlotAllocation,0x558a8391dfd0,620,4
SlotAllocation,0x558a839542a0,620,1
SlotAllocation,0x558a83989a30,620,4
SlotAllocation,0x558a8391dfd0,621,4
SlotAllocation,0x558a839542a0,621,4
SlotAllocation,0x558a83989a30,621,1
SlotAllocation,0x558a8391dfd0,622,0
SlotAllocation,0x558a839542a0,622,0
SlotAllocation,0x558a83989a30,622,4
SlotAllocation,0x558a8391dfd0,623,4
SlotAllocation,0x558a839542a0,623,4
SlotAllocation,0x558a83989a30,623,0
SlotAllocation,0x558a8391dfd0,624,1
SlotAllocation,0x558a839542a0,624,1
SlotAllocation,0x558a83989a30,624,4
SlotAllocation,0x558a8391dfd0,625,4
SlotAllocation,0x558a839542a0,625,4
SlotAllocation,0x558a83989a30,625,4
SlotAllocation,0x558a8391dfd0,626,4
SlotAllocation,0x558a839542a0,626,4
SlotAllocation,0x558a83989a30,626,0
SlotAllocation,0x558a8391dfd0,627,0
SlotAllocation,0x558a839542a0,627,4
SlotAllocation,0x558a83989a30,627,4
SlotAllocation,0x558a8391dfd0,628,4
SlotAllocation,0x558a839542a0,628,4
SlotAllocation,0x558a83989a30,628,0
SlotAllocation,0x558a8391dfd0,629,0
SlotAllocation,0x558a839542a0,629,0
SlotAllocation,0x558a83989a30,629,4
SlotAllocation,0x558a8391dfd0,630,4
SlotAllocation,0x558a839542a0,630,4
SlotAllocation,0x558a83989a30,630,2
SlotAllocation,0x558a8391dfd0,631,4
SlotAllocation,0x558a839542a0,631,4
SlotAllocation,0x558a83989a30,631,4
SlotAllocation,0x558a8391dfd0,632,2
SlotAllocation,0x558a839542a0,632,4
SlotAllocation,0x558a83989a30,632,4
SlotAllocation,0x558a8391dfd0,633,4
SlotAllocation,0x558a839542a0,633,4
SlotAllocation,0x558a83989a30,633,4
SlotAllocation,0x558a8391dfd0,634,0
SlotAllocation,0x558a839542a0,634,0
SlotAllocation,0x558a83989a30,634,4
SlotAllocation,0x558a8391dfd0,635,4
SlotAllocation,0x558a839542a0,635,4
SlotAllocation,0x558a83989a30,635,1
SlotAllocation,0x558a8391dfd0,636,0
SlotAllocation,0x558a839542a0,636,0
SlotAllocation,0x558a83989a30,636,4
SlotAllocation,0x558a8391dfd0,637,4
SlotAllocation,0x558a839542a0,637,4
SlotAllocation,0x558a83989a30,637,4
SlotAllocation,0x558a8391dfd0,638,1
SlotAllocation,0x558a839542a0,638,2
SlotAllocation,0x558a83989a30,638,4
SlotAllocation,0x558a8391dfd0,639,4
SlotAllocation,0x558a839542a0,639,4
SlotAllocation,0x558a83989a30,639,2
SlotAllocation,0x558a8391dfd0,640,4
SlotAllocation,0x558a839542a0,640,4
SlotAllocation,0x558a83989a30,640,4
SlotAllocation,0x558a8391dfd0,641,0
SlotAllocation,0x558a839542a0,641,4
SlotAllocation,0x558a83989a30,641,0
SlotAllocation,0x558a8391dfd0,642,4
SlotAllocation,0x558a839542a0,642,4
SlotAllocation,0x558a83989a30,642,4
SlotAllocation,0x558a8391dfd0,643,1
SlotAllocation,0x558a839542a0,643,0
SlotAllocation,0x558a83989a30,643,4
SlotAllocation,0x558a8391dfd0,644,4
SlotAllocation,0x558a839542a0,644,4
SlotAllocation,0x558a83989a30,644,4
SlotAllocation,0x558a8391dfd0,645,4
SlotAllocation,0x558a839542a0,645,0
SlotAllocation,0x558a83989a30,645,4
SlotAllocation,0x558a8391dfd0,646,4
SlotAllocation,0x558a839542a0,646,4
SlotAllocation,0x558a83989a30,646,0
SlotAllocation,0x558a8391dfd0,647,4
SlotAllocation,0x558a839542a0,647,1
SlotAllocation,0x558a83989a30,647,4
SlotAllocation,0x558a8391dfd0,648,0
SlotAllocation,0x558a839542a0,648,4
SlotAllocation,0x558a83989a30,648,1
SlotAllocation,0x558a8391dfd0,649,4
SlotAllocation,0x558a839542a0,649,4
SlotAllocation,0x558a83989a30,649,4
SlotAllocation,0x558a8391dfd0,650,0
SlotAllocation,0x558a839542a0,650,0
SlotAllocation,0x558a83989a30,650,4
SlotAllocation,0x558a8391dfd0,651,4
SlotAllocation,0x558a839542a0,651,4
SlotAllocation,0x558a83989a30,651,0
SlotAllocation,0x558a8391dfd0,652,0
SlotAllocation,0x558a839542a0,652,0
SlotAllocation,0x558a83989a30,652,4
SlotAllocation,0x558a8391dfd0,653,4
SlotAllocation,0x558a839542a0,653,4
SlotAllocation,0x558a83989a30,653,1
SlotAllocation,0x558a8391dfd0,654,4
SlotAllocation,0x558a839542a0,654,1
SlotAllocation,0x558a83989a30,654,4
SlotAllocation,0x558a8391dfd0,655,1
SlotAllocation,0x558a839542a0,655,4
SlotAllocation,0x558a83989a30,655,4
SlotAllocation,0x558a8391dfd0,656,4
SlotAllocation,0x558a839542a0,656,4
SlotAllocation,0x558a83989a30,656,4
SlotAllocation,0x558a8391dfd0,657,1
SlotAllocation,0x558a839542a0,657,0
SlotAllocation,0x558a83989a30,657,4
SlotAllocation,0x558a8391dfd0,658,4
SlotAllocation,0x558a839542a0,658,4
SlotAllocation,0x558a83989a30,658,0
SlotAllocation,0x558a8391dfd0,659,0
SlotAllocation,0x558a839542a0,659,0
SlotAllocation,0x558a83989a30,659,4
SlotAllocation,0x558a8391dfd0,660,4
SlotAllocation,0x558a839542a0,660,4
SlotAllocation,0x558a83989a30,660,0
SlotAllocation,0x558a8391dfd0,661,4
SlotAllocation,0x558a839542a0,661,4
SlotAllocation,0x558a83989a30,661,4
SlotAllocation,0x558a8391dfd0,662,0
SlotAllocation,0x558a839542a0,662,4
SlotAllocation,0x558a83989a30,662,1
SlotAllocation,0x558a8391dfd0,663,4
SlotAllocation,0x558a839542a0,663,4
SlotAllocation,0x558a83989a30,663,4
SlotAllocation,0x558a8391dfd0,664,1
SlotAllocation,0x558a839542a0,664,1
SlotAllocation,0x558a83989a30,664,0
SlotAllocation,0x558a8391dfd0,665,4
SlotAllocation,0x558a839542a0,665,4
SlotAllocation,0x558a83989a30,665,4
SlotAllocation,0x558a8391dfd0,666,0
SlotAllocation,0x558a839542a0,666,2
SlotAllocation,0x558a83989a30,666,4
SlotAllocation,0x558a8391dfd0,667,4
SlotAllocation,0x558a839542a0,667,4
SlotAllocation,0x558a83989a30,667,0
SlotAllocation,0x558a8391dfd0,668,0
SlotAllocation,0x558a839542a0,668,4
SlotAllocation,0x558a83989a30,668,4
SlotAllocation,0x558a8391dfd0,669,4
SlotAllocation,0x558a839542a0,669,4
SlotAllocation,0x558a83989a30,669,1
SlotAllocation,0x558a8391dfd0,670,1
SlotAllocation,0x558a839542a0,670,4
SlotAllocation,0x558a83989a30,670,4
SlotAllocation,0x558a8391dfd0,671,4
SlotAllocation,0x558a839542a0,671,1
SlotAllocation,0x558a83989a30,671,4
SlotAllocation,0x558a8391dfd0,672,4
SlotAllocation,0x558a839542a0,672,4
SlotAllocation,0x558a83989a30,672,0
SlotAllocation,0x558a8391dfd0,673,2
SlotAllocation,0x558a839542a0,673,1
SlotAllocation,0x558a83989a30,673,4
SlotAllocation,0x558a8391dfd0,674,4
SlotAllocation,0x558a839542a0,674,4
SlotAllocation,0x558a83989a30,674,4
SlotAllocation,0x558a8391dfd0,675,0
SlotAllocation,0x558a839542a0,675,4
SlotAllocation,0x558a83989a30,675,4
SlotAllocation,0x558a8391dfd0,676,4
SlotAllocation,0x558a839542a0,676,4
SlotAllocation,0x558a83989a30,676,4
SlotAllocation,0x558a8391dfd0,677,1
SlotAllocation,0x558a839542a0,677,4
SlotAllocation,0x558a83989a30,677,0
SlotAllocation,0x558a8391dfd0,678,4
SlotAllocation,0x558a839542a0,678,0
SlotAllocation,0x558a83989a30,678,4
SlotAllocation,0x558a8391dfd0,679,1
SlotAllocation,0x558a839542a0,679,4
SlotAllocation,0x558a83989a30,679,1
SlotAllocation,0x558a8391dfd0,680,4
SlotAllocation,0x558a839542a0,680,2
SlotAllocation,0x558a83989a30,680,4
SlotAllocation,0x558a8391dfd0,681,4
SlotAllocation,0x558a839542a0,681,4
SlotAllocation,0x558a83989a30,681,0
SlotAllocation,0x558a8391dfd0,682,0
SlotAllocation,0x558a839542a0,682,1
SlotAllocation,0x558a83989a30,682,4
SlotAllocation,0x558a8391dfd0,683,4
SlotAllocation,0x558a839542a0,683,4
SlotAllocation,0x558a83989a30,683,4
SlotAllocation,0x558a8391dfd0,684,0
SlotAllocation,0x558a839542a0,684,0
SlotAllocation,0x558a83989a30,684,1
SlotAllocation,0x558a8391dfd0,685,4
SlotAllocation,0x558a839542a0,685,4
SlotAllocation,0x558a83989a30,685,4
SlotAllocation,0x558a8391dfd0,686,4
SlotAllocation,0x558a839542a0,686,0
SlotAllocation,0x558a83989a30,686,0
SlotAllocation,0x558a8391dfd0,687,1
SlotAllocation,0x558a839542a0,687,4
SlotAllocation,0x558a83989a30,687,4
SlotAllocation,0x558a8391dfd0,688,4
SlotAllocation,0x558a839542a0,688,4
SlotAllocation,0x558a83989a30,688,4
SlotAllocation,0x558a8391dfd0,689,1
SlotAllocation,0x558a839542a0,689,4
SlotAllocation,0x558a83989a30,689,0
SlotAllocation,0x558a8391dfd0,690,4
SlotAllocation,0x558a839542a0,690,4
SlotAllocation,0x558a83989a30,690,4
SlotAllocation,0x558a8391dfd0,691,4
SlotAllocation,0x558a839542a0,691,1
SlotAllocation,0x558a83989a30,691,0
SlotAllocation,0x558a8391dfd0,692,4
SlotAllocation,0x558a839542a0,692,4
SlotAllocation,0x558a83989a30,692,4
SlotAllocation,0x558a8391dfd0,693,4
SlotAllocation,0x558a839542a0,693,0
SlotAllocation,0x558a83989a30,693,1
SlotAllocation,0x558a8391dfd0,694,0
SlotAllocation,0x558a839542a0,694,4
SlotAllocation,0x558a83989a30,694,4
SlotAllocation,0x558a8391dfd0,695,4
SlotAllocation,0x558a839542a0,695,4
SlotAllocation,0x558a83989a30,695,4
SlotAllocation,0x558a8391dfd0,696,0
SlotAllocation,0x558a839542a0,696,1
SlotAllocation,0x558a83989a30,696,0
SlotAllocation,0x558a8391dfd0,697,4
SlotAllocation,0x558a839542a0,697,4
SlotAllocation,0x558a83989a30,697,4
SlotAllocation,0x558a8391dfd0,698,1
SlotAllocation,0x558a839542a0,698,0
SlotAllocation,0x558a83989a30,698,0
SlotAllocation,0x558a8391dfd0,699,4
SlotAllocation,0x558a839542a0,699,4
SlotAllocation,0x558a83989a30,699,4
SlotAllocation,0x558a8391dfd0,700,0
SlotAllocation,0x558a839542a0,700,4
SlotAllocation,0x558a83989a30,700,4
SlotAllocation,0x558a8391dfd0,701,4
SlotAllocation,0x558a839542a0,701,2
SlotAllocation,0x558a83989a30,701,4
SlotAllocation,0x558a8391dfd0,702,1
SlotAllocation,0x558a839542a0,702,4
SlotAllocation,0x558a83989a30,702,4
SlotAllocation,0x558a8391dfd0,703,4
SlotAllocation,0x558a839542a0,703,0
SlotAllocation,0x558a83989a30,703,2
SlotAllocation,0x558a8391dfd0,704,0
SlotAllocation,0x558a839542a0,704,4
SlotAllocation,0x558a83989a30,704,4
SlotAllocation,0x558a8391dfd0,705,4
SlotAllocation,0x558a839542a0,705,0
SlotAllocation,0x558a83989a30,705,1
SlotAllocation,0x558a8391dfd0,706,4
SlotAllocation,0x558a839542a0,706,4
SlotAllocation,0x558a83989a30,706,4
SlotAllocation,0x558a8391dfd0,707,0
SlotAllocation,0x558a839542a0,707,4
SlotAllocation,0x558a83989a30,707,1
SlotAllocation,0x558a8391dfd0,708,4
SlotAllocation,0x558a839542a0,708,4
SlotAllocation,0x558a83989a30,708,4
SlotAllocation,0x558a8391dfd0,709,2
SlotAllocation,0x558a839542a0,709,4
SlotAllocation,0x558a83989a30,709,0
SlotAllocation,0x558a8391dfd0,710,4
SlotAllocation,0x558a839542a0,710,1
SlotAllocation,0x558a83989a30,710,4
SlotAllocation,0x558a8391dfd0,711,1
SlotAllocation,0x558a839542a0,711,4
SlotAllocation,0x558a83989a30,711,4
SlotAllocation,0x558a8391dfd0,712,4
SlotAllocation,0x558a839542a0,712,2
SlotAllocation,0x558a83989a30,712,1
SlotAllocation,0x558a8391dfd0,713,0
SlotAllocation,0x558a839542a0,713,4
SlotAllocation,0x558a83989a30,713,4
SlotAllocation,0x558a8391dfd0,714,4
SlotAllocation,0x558a839542a0,714,1
SlotAllocation,0x558a83989a30,714,0
SlotAllocation,0x558a8391dfd0,715,0
SlotAllocation,0x558a839542a0,715,4
SlotAllocation,0x558a83989a30,715,4
SlotAllocation,0x558a8391dfd0,716,4
SlotAllocation,0x558a839542a0,716,0
SlotAllocation,0x558a83989a30,716,4
SlotAllocation,0x558a8391dfd0,717,4
SlotAllocation,0x558a839542a0,717,4
SlotAllocation,0x558a83989a30,717,2
SlotAllocation,0x558a8391dfd0,718,4
SlotAllocation,0x558a839542a0,718,4
SlotAllocation,0x558a83989a30,718,4
SlotAllocation,0x558a8391dfd0,719,4
SlotAllocation,0x558a839542a0,719,4
SlotAllocation,0x558a83989a30,719,0
SlotAllocation,0x558a8391dfd0,720,1
SlotAllocation,0x558a839542a0,720,4
SlotAllocation,0x558a83989a30,720,4
SlotAllocation,0x558a8391dfd0,721,4
SlotAllocation,0x558a839542a0,721,1
SlotAllocation,0x558a83989a30,721,0
SlotAllocation,0x558a8391dfd0,722,0
SlotAllocation,0x558a839542a0,722,4
SlotAllocation,0x558a83989a30,722,4
SlotAllocation,0x558a8391dfd0,723,4
SlotAllocation,0x558a839542a0,723,1
SlotAllocation,0x558a83989a30,723,4
SlotAllocation,0x558a8391dfd0,724,0
SlotAllocation,0x558a839542a0,724,4
SlotAllocation,0x558a83989a30,724,4
SlotAllocation,0x558a8391dfd0,725,4
SlotAllocation,0x558a839542a0,725,4
SlotAllocation,0x558a83989a30,725,4
SlotAllocation,0x558a8391dfd0,726,4
SlotAllocation,0x558a839542a0,726,4
SlotAllocation,0x558a83989a30,726,0
SlotAllocation,0x558a8391dfd0,727,1
SlotAllocation,0x558a839542a0,727,4
SlotAllocation,0x558a83989a30,727,4
SlotAllocation,0x558a8391dfd0,728,4
SlotAllocation,0x558a839542a0,728,0
SlotAllocation,0x558a83989a30,728,1
SlotAllocation,0x558a8391dfd0,729,2
SlotAllocation,0x558a839542a0,729,4
SlotAllocation,0x558a83989a30,729,4
SlotAllocation,0x558a8391dfd0,730,4
SlotAllocation,0x558a839542a0,730,0
SlotAllocation,0x558a83989a30,730,0
SlotAllocation,0x558a8391dfd0,731,0
SlotAllocation,0x558a839542a0,731,4
SlotAllocation,0x558a83989a30,731,4
SlotAllocation,0x558a8391dfd0,732,4
SlotAllocation,0x558a839542a0,732,4
SlotAllocation,0x558a83989a30,732,1
SlotAllocation,0x558a8391dfd0,733,4
SlotAllocation,0x558a839542a0,733,4
SlotAllocation,0x558a83989a30,733,4
SlotAllocation,0x558a8391dfd0,734,4
SlotAllocation,0x558a839542a0,734,4
SlotAllocation,0x558a83989a30,734,4
SlotAllocation,0x558a8391dfd0,735,4
SlotAllocation,0x558a839542a0,735,0
SlotAllocation,0x558a83989a30,735,4
SlotAllocation,0x558a8391dfd0,736,0
SlotAllocation,0x558a839542a0,736,4
SlotAllocation,0x558a83989a30,736,4
SlotAllocation,0x558a8391dfd0,737,4
SlotAllocation,0x558a839542a0,737,1
SlotAllocation,0x558a83989a30,737,0
SlotAllocation,0x558a8391dfd0,738,1
SlotAllocation,0x558a839542a0,738,4
SlotAllocation,0x558a83989a30,738,4
SlotAllocation,0x558a8391dfd0,739,4
SlotAllocation,0x558a839542a0,739,4
SlotAllocation,0x558a83989a30,739,0
SlotAllocation,0x558a8391dfd0,740,4
SlotAllocation,0x558a839542a0,740,4
SlotAllocation,0x558a83989a30,740,4
SlotAllocation,0x558a8391dfd0,741,0
SlotAllocation,0x558a839542a0,741,4
SlotAllocation,0x558a83989a30,741,0
SlotAllocation,0x558a8391dfd0,742,4
SlotAllocation,0x558a839542a0,742,0
SlotAllocation,0x558a83989a30,742,4
SlotAllocation,0x558a8391dfd0,743,0
SlotAllocation,0x558a839542a0,743,4
SlotAllocation,0x558a83989a30,743,4
SlotAllocation,0x558a8391dfd0,744,4
SlotAllocation,0x558a839542a0,744,4
SlotAllocation,0x558a83989a30,744,4
SlotAllocation,0x558a8391dfd0,745,0
SlotAllocation,0x558a839542a0,745,0
SlotAllocation,0x558a83989a30,745,4
SlotAllocation,0x558a8391dfd0,746,4
SlotAllocation,0x558a839542a0,746,4
SlotAllocation,0x558a83989a30,746,1
SlotAllocation,0x558a8391dfd0,747,4
SlotAllocation,0x558a839542a0,747,0
SlotAllocation,0x558a83989a30,747,4
SlotAllocation,0x558a8391dfd0,748,0
SlotAllocation,0x558a839542a0,748,4
SlotAllocation,0x558a83989a30,748,0
SlotAllocation,0x558a8391dfd0,749,4
SlotAllocation,0x558a839542a0,749,1
SlotAllocation,0x558a83989a30,749,4
SlotAllocation,0x558a8391dfd0,750,1
SlotAllocation,0x558a839542a0,750,4
SlotAllocation,0x558a83989a30,750,0
SlotAllocation,0x558a8391dfd0,751,4
SlotAllocation,0x558a839542a0,751,2
SlotAllocation,0x558a83989a30,751,4
SlotAllocation,0x558a8391dfd0,752,2
SlotAllocation,0x558a839542a0,752,4
SlotAllocation,0x558a83989a30,752,1
SlotAllocation,0x558a8391dfd0,753,4
SlotAllocation,0x558a839542a0,753,4
SlotAllocation,0x558a83989a30,753,4
SlotAllocation,0x558a8391dfd0,754,4
SlotAllocation,0x558a839542a0,754,0
SlotAllocation,0x558a83989a30,754,4
SlotAllocation,0x558a8391dfd0,755,0
SlotAllocation,0x558a839542a0,755,4
SlotAllocation,0x558a83989a30,755,4
SlotAllocation,0x558a8391dfd0,756,4
SlotAllocation,0x558a839542a0,756,4
SlotAllocation,0x558a83989a30,756,4
SlotAllocation,0x558a8391dfd0,757,0
SlotAllocation,0x558a839542a0,757,4
SlotAllocation,0x558a83989a30,757,0
SlotAllocation,0x558a8391dfd0,758,4
SlotAllocation,0x558a839542a0,758,4
SlotAllocation,0x558a83989a30,758,4
SlotAllocation,0x558a8391dfd0,759,0
SlotAllocation,0x558a839542a0,759,1
SlotAllocation,0x558a83989a30,759,0
SlotAllocation,0x558a8391dfd0,760,4
SlotAllocation,0x558a839542a0,760,4
SlotAllocation,0x558a83989a30,760,4
SlotAllocation,0x558a8391dfd0,761,4
SlotAllocation,0x558a839542a0,761,4
SlotAllocation,0x558a83989a30,761,1
SlotAllocation,0x558a8391dfd0,762,1
SlotAllocation,0x558a839542a0,762,4
SlotAllocation,0x558a83989a30,762,4
SlotAllocation,0x558a8391dfd0,763,4
SlotAllocation,0x558a839542a0,763,4
SlotAllocation,0x558a83989a30,763,2
SlotAllocation,0x558a8391dfd0,764,0
SlotAllocation,0x558a839542a0,764,1
SlotAllocation,0x558a83989a30,764,4
SlotAllocation,0x558a8391dfd0,765,4
SlotAllocation,0x558a839542a0,765,4
SlotAllocation,0x558a83989a30,765,4
SlotAllocation,0x558a8391dfd0,766,1
SlotAllocation,0x558a839542a0,766,1
SlotAllocation,0x558a83989a30,766,0
SlotAllocation,0x558a8391dfd0,767,4
SlotAllocation,0x558a839542a0,767,4
SlotAllocation,0x558a83989a30,767,4
SlotAllocation,0x558a8391dfd0,768,2
SlotAllocation,0x558a839542a0,768,0
SlotAllocation,0x558a83989a30,768,1
SlotAllocation,0x558a8391dfd0,769,4
SlotAllocation,0x558a839542a0,769,4
SlotAllocation,0x558a83989a30,769,4
SlotAllocation,0x558a8391dfd0,770,4
SlotAllocation,0x558a839542a0,770,4
SlotAllocation,0x558a83989a30,770,4
SlotAllocation,0x558a8391dfd0,771,0
SlotAllocation,0x558a839542a0,771,4
SlotAllocation,0x558a83989a30,771,4
SlotAllocation,0x558a8391dfd0,772,4
SlotAllocation,0x558a839542a0,772,4
SlotAllocation,0x558a83989a30,772,4
SlotAllocation,0x558a8391dfd0,773,0
SlotAllocation,0x558a839542a0,773,0
SlotAllocation,0x558a83989a30,773,0
SlotAllocation,0x558a8391dfd0,774,4
SlotAllocation,0x558a839542a0,774,4
SlotAllocation,0x558a83989a30,774,4
SlotAllocation,0x558a8391dfd0,775,1
SlotAllocation,0x558a839542a0,775,1
SlotAllocation,0x558a83989a30,775,0
SlotAllocation,0x558a8391dfd0,776,4
SlotAllocation,0x558a839542a0,776,4
SlotAllocation,0x558a83989a30,776,4
SlotAllocation,0x558a8391dfd0,777,4
SlotAllocation,0x558a839542a0,777,0
SlotAllocation,0x558a83989a30,777,1
SlotAllocation,0x558a8391dfd0,778,0
SlotAllocation,0x558a839542a0,778,4
SlotAllocation,0x558a83989a30,778,4
SlotAllocation,0x558a8391dfd0,779,4
SlotAllocation,0x558a839542a0,779,0
SlotAllocation,0x558a83989a30,779,0
SlotAllocation,0x558a8391dfd0,780,2
SlotAllocation,0x558a839542a0,780,4
SlotAllocation,0x558a83989a30,780,4
SlotAllocation,0x558a8391dfd0,781,4
SlotAllocation,0x558a839542a0,781,4
SlotAllocation,0x558a83989a30,781,1
SlotAllocation,0x558a8391dfd0,782,0
SlotAllocation,0x558a839542a0,782,4
SlotAllocation,0x558a83989a30,782,4
SlotAllocation,0x558a8391dfd0,783,4
SlotAllocation,0x558a839542a0,783,4
SlotAllocation,0x558a83989a30,783,0
SlotAllocation,0x558a8391dfd0,784,4
SlotAllocation,0x558a839542a0,784,0
SlotAllocation,0x558a83989a30,784,4
SlotAllocation,0x558a8391dfd0,785,4
SlotAllocation,0x558a839542a0,785,4
SlotAllocation,0x558a83989a30,785,4
SlotAllocation,0x558a8391dfd0,786,4
SlotAllocation,0x558a839542a0,786,0
SlotAllocation,0x558a83989a30,786,4
SlotAllocation,0x558a8391dfd0,787,1
SlotAllocation,0x558a839542a0,787,4
SlotAllocation,0x558a83989a30,787,4
SlotAllocation,0x558a8391dfd0,788,4
SlotAllocation,0x558a839542a0,788,4
SlotAllocation,0x558a83989a30,788,1
SlotAllocation,0x558a8391dfd0,789,4
SlotAllocation,0x558a839542a0,789,4
SlotAllocation,0x558a83989a30,789,4
SlotAllocation,0x558a8391dfd0,790,4
SlotAllocation,0x558a839542a0,790,4
SlotAllocation,0x558a83989a30,790,1
SlotAllocation,0x558a8391dfd0,791,4
SlotAllocation,0x558a839542a0,791,0
SlotAllocation,0x558a83989a30,791,4
SlotAllocation,0x558a8391dfd0,792,0
SlotAllocation,0x558a839542a0,792,4
SlotAllocation,0x558a83989a30,792,0
SlotAllocation,0x558a8391dfd0,793,4
SlotAllocation,0x558a839542a0,793,1
SlotAllocation,0x558a83989a30,793,4
SlotAllocation,0x558a8391dfd0,794,1
SlotAllocation,0x558a839542a0,794,4
SlotAllocation,0x558a83989a30,794,1
SlotAllocation,0x558a8391dfd0,795,4
SlotAllocation,0x558a839542a0,795,1
SlotAllocation,0x558a83989a30,795,4
SlotAllocation,0x558a8391dfd0,796,0
SlotAllocation,0x558a839542a0,796,4
SlotAllocation,0x558a83989a30,796,4
SlotAllocation,0x558a8391dfd0,797,4
SlotAllocation,0x558a839542a0,797,0
SlotAllocation,0x558a83989a30,797,0
SlotAllocation,0x558a8391dfd0,798,4
SlotAllocation,0x558a839542a0,798,4
SlotAllocation,0x558a83989a30,798,4
SlotAllocation,0x558a8391dfd0,799,1
SlotAllocation,0x558a839542a0,799,0
SlotAllocation,0x558a83989a30,799,0
SlotAllocation,0x558a8391dfd0,800,4
SlotAllocation,0x558a839542a0,800,4
SlotAllocation,0x558a83989a30,800,4
SlotAllocation,0x558a8391dfd0,801,2
SlotAllocation,0x558a839542a0,801,4
SlotAllocation,0x558a83989a30,801,1
SlotAllocation,0x558a8391dfd0,802,4
SlotAllocation,0x558a839542a0,802,1
SlotAllocation,0x558a83989a30,802,4
SlotAllocation,0x558a8391dfd0,803,0
SlotAllocation,0x558a839542a0,803,4
SlotAllocation,0x558a83989a30,803,0
SlotAllocation,0x558a8391dfd0,804,4
SlotAllocation,0x558a839542a0,804,4
SlotAllocation,0x558a83989a30,804,4
SlotAllocation,0x558a8391dfd0,805,1
SlotAllocation,0x558a839542a0,805,0
SlotAllocation,0x558a83989a30,805,1
SlotAllocation,0x558a8391dfd0,806,4
SlotAllocation,0x558a839542a0,806,4
SlotAllocation,0x558a83989a30,806,4
SlotAllocation,0x558a8391dfd0,807,0
SlotAllocation,0x558a839542a0,807,1
SlotAllocation,0x558a83989a30,807,0
SlotAllocation,0x558a8391dfd0,808,4
SlotAllocation,0x558a839542a0,808,4
SlotAllocation,0x558a83989a30,808,4
SlotAllocation,0x558a8391dfd0,809,4
SlotAllocation,0x558a839542a0,809,4
SlotAllocation,0x558a83989a30,809,1
SlotAllocation,0x558a8391dfd0,810,0
SlotAllocation,0x558a839542a0,810,4
SlotAllocation,0x558a83989a30,810,4
SlotAllocation,0x558a8391dfd0,811,4
SlotAllocation,0x558a839542a0,811,4
SlotAllocation,0x558a83989a30,811,0
SlotAllocation,0x558a8391dfd0,812,2
SlotAllocation,0x558a839542a0,812,0
SlotAllocation,0x558a83989a30,812,4
SlotAllocation,0x558a8391dfd0,813,4
SlotAllocation,0x558a839542a0,813,4
SlotAllocation,0x558a83989a30,813,4
SlotAllocation,0x558a8391dfd0,814,4
SlotAllocation,0x558a839542a0,814,0
SlotAllocation,0x558a83989a30,814,4
SlotAllocation,0x558a8391dfd0,815,1
SlotAllocation,0x558a839542a0,815,4
SlotAllocation,0x558a83989a30,815,2
SlotAllocation,0x558a8391dfd0,816,4
SlotAllocation,0x558a839542a0,816,2
SlotAllocation,0x558a83989a30,816,4
SlotAllocation,0x558a8391dfd0,817,0
SlotAllocation,0x558a839542a0,817,4
SlotAllocation,0x558a83989a30,817,1
SlotAllocation,0x558a8391dfd0,818,4
SlotAllocation,0x558a839542a0,818,4
SlotAllocation,0x558a83989a30,818,4
SlotAllocation,0x558a8391dfd0,819,4
SlotAllocation,0x558a839542a0,819,4
SlotAllocation,0x558a83989a30,819,0
SlotAllocation,0x558a8391dfd0,820,4
SlotAllocation,0x558a839542a0,820,4
SlotAllocation,0x558a83989a30,820,4
SlotAllocation,0x558a8391dfd0,821,4
SlotAllocation,0x558a839542a0,821,1
SlotAllocation,0x558a83989a30,821,4
SlotAllocation,0x558a8391dfd0,822,1
SlotAllocation,0x558a839542a0,822,4
SlotAllocation,0x558a83989a30,822,4
SlotAllocation,0x558a8391dfd0,823,4
SlotAllocation,0x558a839542a0,823,0
SlotAllocation,0x558a83989a30,823,4
SlotAllocation,0x558a8391dfd0,824,0
SlotAllocation,0x558a839542a0,824,4
SlotAllocation,0x558a83989a30,824,0
SlotAllocation,0x558a8391dfd0,825,4
SlotAllocation,0x558a839542a0,825,4
SlotAllocation,0x558a83989a30,825,4
SlotAllocation,0x558a8391dfd0,826,1
SlotAllocation,0x558a839542a0,826,4
SlotAllocation,0x558a83989a30,826,1
SlotAllocation,0x558a8391dfd0,827,4
SlotAllocation,0x558a839542a0,827,4
SlotAllocation,0x558a83989a30,827,4
SlotAllocation,0x558a8391dfd0,828,4
SlotAllocation,0x558a839542a0,828,1
SlotAllocation,0x558a83989a30,828,0
SlotAllocation,0x558a8391dfd0,829,4
SlotAllocation,0x558a839542a0,829,4
SlotAllocation,0x558a83989a30,829,4
SlotAllocation,0x558a8391dfd0,830,4
SlotAllocation,0x558a839542a0,830,0
SlotAllocation,0x558a83989a30,830,0
SlotAllocation,0x558a8391dfd0,831,0
SlotAllocation,0x558a839542a0,831,4
SlotAllocation,0x558a83989a30,831,4
SlotAllocation,0x558a8391dfd0,832,4
SlotAllocation,0x558a839542a0,832,4
SlotAllocation,0x558a83989a30,832,0
SlotAllocation,0x558a8391dfd0,833,0
SlotAllocation,0x558a839542a0,833,4
SlotAllocation,0x558a83989a30,833,4
SlotAllocation,0x558a8391dfd0,834,4
SlotAllocation,0x558a839542a0,834,4
SlotAllocation,0x558a83989a30,834,4
SlotAllocation,0x558a8391dfd0,835,1
SlotAllocation,0x558a839542a0,835,2
SlotAllocation,0x558a83989a30,835,1
SlotAllocation,0x558a8391dfd0,836,4
SlotAllocation,0x558a839542a0,836,4
SlotAllocation,0x558a83989a30,836,4
SlotAllocation,0x558a8391dfd0,837,0
SlotAllocation,0x558a839542a0,837,2
SlotAllocation,0x558a83989a30,837,0
SlotAllocation,0x558a8391dfd0,838,4
SlotAllocation,0x558a839542a0,838,4
SlotAllocation,0x558a83989a30,838,4
SlotAllocation,0x558a8391dfd0,839,0
SlotAllocation,0x558a839542a0,839,1
SlotAllocation,0x558a83989a30,839,1
SlotAllocation,0x558a8391dfd0,840,4
SlotAllocation,0x558a839542a0,840,4
SlotAllocation,0x558a83989a30,840,4
SlotAllocation,0x558a8391dfd0,841,0
SlotAllocation,0x558a839542a0,841,4
SlotAllocation,0x558a83989a30,841,3
SlotAllocation,0x558a8391dfd0,842,4
SlotAllocation,0x558a839542a0,842,4
SlotAllocation,0x558a83989a30,842,4
SlotAllocation,0x558a8391dfd0,843,4
SlotAllocation,0x558a839542a0,843,4
SlotAllocation,0x558a83989a30,843,4
SlotAllocation,0x558a8391dfd0,844,0
SlotAllocation,0x558a839542a0,844,0
SlotAllocation,0x558a83989a30,844,0
SlotAllocation,0x558a8391dfd0,845,4
SlotAllocation,0x558a839542a0,845,4
SlotAllocation,0x558a83989a30,845,4
SlotAllocation,0x558a8391dfd0,846,0
SlotAllocation,0x558a839542a0,846,4
SlotAllocation,0x558a83989a30,846,0
SlotAllocation,0x558a8391dfd0,847,4
SlotAllocation,0x558a839542a0,847,4
SlotAllocation,0x558a83989a30,847,4
SlotAllocation,0x558a8391dfd0,848,4
SlotAllocation,0x558a839542a0,848,4
SlotAllocation,0x558a83989a30,848,4
SlotAllocation,0x558a8391dfd0,849,1
SlotAllocation,0x558a839542a0,849,0
SlotAllocation,0x558a83989a30,849,4
SlotAllocation,0x558a8391dfd0,850,4
SlotAllocation,0x558a839542a0,850,4
SlotAllocation,0x558a83989a30,850,4
SlotAllocation,0x558a8391dfd0,851,1
SlotAllocation,0x558a839542a0,851,0
SlotAllocation,0x558a83989a30,851,0
SlotAllocation,0x558a8391dfd0,852,4
SlotAllocation,0x558a839542a0,852,4
SlotAllocation,0x558a83989a30,852,4
SlotAllocation,0x558a8391dfd0,853,0
SlotAllocation,0x558a839542a0,853,4
SlotAllocation,0x558a83989a30,853,0
SlotAllocation,0x558a8391dfd0,854,4
SlotAllocation,0x558a839542a0,854,4
SlotAllocation,0x558a83989a30,854,4
SlotAllocation,0x558a8391dfd0,855,0
SlotAllocation,0x558a839542a0,855,4
SlotAllocation,0x558a83989a30,855,4
SlotAllocation,0x558a8391dfd0,856,4
SlotAllocation,0x558a839542a0,856,2
SlotAllocation,0x558a83989a30,856,0
SlotAllocation,0x558a8391dfd0,857,4
SlotAllocation,0x558a839542a0,857,4
SlotAllocation,0x558a83989a30,857,4
SlotAllocation,0x558a8391dfd0,858,4
SlotAllocation,0x558a839542a0,858,0
SlotAllocation,0x558a83989a30,858,4
SlotAllocation,0x558a8391dfd0,859,4
SlotAllocation,0x558a839542a0,859,4
SlotAllocation,0x558a83989a30,859,4
SlotAllocation,0x558a8391dfd0,860,1
SlotAllocation,0x558a839542a0,860,1
SlotAllocation,0x558a83989a30,860,4
SlotAllocation,0x558a8391dfd0,861,4
SlotAllocation,0x558a839542a0,861,4
SlotAllocation,0x558a83989a30,861,0
SlotAllocation,0x558a8391dfd0,862,0
SlotAllocation,0x558a839542a0,862,0
SlotAllocation,0x558a83989a30,862,4
SlotAllocation,0x558a8391dfd0,863,4
SlotAllocation,0x558a839542a0,863,4
SlotAllocation,0x558a83989a30,863,2
SlotAllocation,0x558a8391dfd0,864,2
SlotAllocation,0x558a839542a0,864,4
SlotAllocation,0x558a83989a30,864,4
SlotAllocation,0x558a8391dfd0,865,4
SlotAllocation,0x558a839542a0,865,4
SlotAllocation,0x558a83989a30,865,0
SlotAllocation,0x558a8391dfd0,866,1
SlotAllocation,0x558a839542a0,866,4
SlotAllocation,0x558a83989a30,866,4
SlotAllocation,0x558a8391dfd0,867,4
SlotAllocation,0x558a839542a0,867,0
SlotAllocation,0x558a83989a30,867,2
SlotAllocation,0x558a8391dfd0,868,0
SlotAllocation,0x558a839542a0,868,4
SlotAllocation,0x558a83989a30,868,4
SlotAllocation,0x558a8391dfd0,869,4
SlotAllocation,0x558a839542a0,869,0
SlotAllocation,0x558a83989a30,869,4
SlotAllocation,0x558a8391dfd0,870,4
SlotAllocation,0x558a839542a0,870,4
SlotAllocation,0x558a83989a30,870,4
SlotAllocation,0x558a8391dfd0,871,4
SlotAllocation,0x558a839542a0,871,4
SlotAllocation,0x558a83989a30,871,4
SlotAllocation,0x558a8391dfd0,872,4
SlotAllocation,0x558a839542a0,872,1
SlotAllocation,0x558a83989a30,872,1
SlotAllocation,0x558a8391dfd0,873,0
SlotAllocation,0x558a839542a0,873,4
SlotAllocation,0x558a83989a30,873,4
SlotAllocation,0x558a8391dfd0,874,4
SlotAllocation,0x558a839542a0,874,4
SlotAllocation,0x558a83989a30,874,0
SlotAllocation,0x558a8391dfd0,875,4
SlotAllocation,0x558a839542a0,875,4
SlotAllocation,0x558a83989a30,875,4
SlotAllocation,0x558a8391dfd0,876,4
SlotAllocation,0x558a839542a0,876,4
SlotAllocation,0x558a83989a30,876,0
SlotAllocation,0x558a8391dfd0,877,4
SlotAllocation,0x558a839542a0,877,1
SlotAllocation,0x558a83989a30,877,4
SlotAllocation,0x558a8391dfd0,878,1
SlotAllocation,0x558a839542a0,878,4
SlotAllocation,0x558a83989a30,878,4
SlotAllocation,0x558a8391dfd0,879,4
SlotAllocation,0x558a839542a0,879,0
SlotAllocation,0x558a83989a30,879,4
SlotAllocation,0x558a8391dfd0,880,1
SlotAllocation,0x558a839542a0,880,4
SlotAllocation,0x558a83989a30,880,4
SlotAllocation,0x558a8391dfd0,881,4
SlotAllocation,0x558a839542a0,881,0
SlotAllocation,0x558a83989a30,881,1
SlotAllocation,0x558a8391dfd0,882,0
SlotAllocation,0x558a839542a0,882,4
SlotAllocation,0x558a83989a30,882,4
SlotAllocation,0x558a8391dfd0,883,4
SlotAllocation,0x558a839542a0,883,4
SlotAllocation,0x558a83989a30,883,2
SlotAllocation,0x558a8391dfd0,884,4
SlotAllocation,0x558a839542a0,884,4
SlotAllocation,0x558a83989a30,884,4
SlotAllocation,0x558a8391dfd0,885,0
SlotAllocation,0x558a839542a0,885,4
SlotAllocation,0x558a83989a30,885,4
SlotAllocation,0x558a8391dfd0,886,4
SlotAllocation,0x558a839542a0,886,0
SlotAllocation,0x558a83989a30,886,0
SlotAllocation,0x558a8391dfd0,887,0
SlotAllocation,0x558a839542a0,887,4
SlotAllocation,0x558a83989a30,887,4
SlotAllocation,0x558a8391dfd0,888,4
SlotAllocation,0x558a839542a0,888,2
SlotAllocation,0x558a83989a30,888,0
SlotAllocation,0x558a8391dfd0,889,1
SlotAllocation,0x558a839542a0,889,4
SlotAllocation,0x558a83989a30,889,4
SlotAllocation,0x558a8391dfd0,890,4
SlotAllocation,0x558a839542a0,890,0
SlotAllocation,0x558a83989a30,890,1
SlotAllocation,0x558a8391dfd0,891,0
SlotAllocation,0x558a839542a0,891,4
SlotAllocation,0x558a83989a30,891,4
SlotAllocation,0x558a8391dfd0,892,4
SlotAllocation,0x558a839542a0,892,0
SlotAllocation,0x558a83989a30,892,4
SlotAllocation,0x558a8391dfd0,893,0
SlotAllocation,0x558a839542a0,893,4
SlotAllocation,0x558a83989a30,893,0
SlotAllocation,0x558a8391dfd0,894,4
SlotAllocation,0x558a839542a0,894,4
SlotAllocation,0x558a83989a30,894,4
SlotAllocation,0x558a8391dfd0,895,4
SlotAllocation,0x558a839542a0,895,4
SlotAllocation,0x558a83989a30,895,1
SlotAllocation,0x558a8391dfd0,896,4
SlotAllocation,0x558a839542a0,896,4
SlotAllocation,0x558a83989a30,896,4
SlotAllocation,0x558a8391dfd0,897,4
SlotAllocation,0x558a839542a0,897,1
SlotAllocation,0x558a83989a30,897,0
SlotAllocation,0x558a8391dfd0,898,1
SlotAllocation,0x558a839542a0,898,4
SlotAllocation,0x558a83989a30,898,4
SlotAllocation,0x558a8391dfd0,899,4
SlotAllocation,0x558a839542a0,899,0
SlotAllocation,0x558a83989a30,899,4
SlotAllocation,0x558a8391dfd0,900,0
SlotAllocation,0x558a839542a0,900,4
SlotAllocation,0x558a83989a30,900,0
SlotAllocation,0x558a8391dfd0,901,4
SlotAllocation,0x558a839542a0,901,2
SlotAllocation,0x558a83989a30,901,4
SlotAllocation,0x558a8391dfd0,902,1
SlotAllocation,0x558a839542a0,902,4
SlotAllocation,0x558a83989a30,902,2
SlotAllocation,0x558a8391dfd0,903,4
SlotAllocation,0x558a839542a0,903,4
SlotAllocation,0x558a83989a30,903,4
SlotAllocation,0x558a8391dfd0,904,4
SlotAllocation,0x558a839542a0,904,4
SlotAllocation,0x558a83989a30,904,0
SlotAllocation,0x558a8391dfd0,905,4
SlotAllocation,0x558a839542a0,905,4
SlotAllocation,0x558a83989a30,905,4
SlotAllocation,0x558a8391dfd0,906,4
SlotAllocation,0x558a839542a0,906,0
SlotAllocation,0x558a83989a30,906,1
SlotAllocation,0x558a8391dfd0,907,1
SlotAllocation,0x558a839542a0,907,4
SlotAllocation,0x558a83989a30,907,4
SlotAllocation,0x558a8391dfd0,908,4
SlotAllocation,0x558a839542a0,908,0
SlotAllocation,0x558a83989a30,908,4
SlotAllocation,0x558a8391dfd0,909,0
SlotAllocation,0x558a839542a0,909,4
SlotAllocation,0x558a83989a30,909,4
SlotAllocation,0x558a8391dfd0,910,4
SlotAllocation,0x558a839542a0,910,4
SlotAllocation,0x558a83989a30,910,4
SlotAllocation,0x558a8391dfd0,911,1
SlotAllocation,0x558a839542a0,911,4
SlotAllocation,0x558a83989a30,911,0
SlotAllocation,0x558a8391dfd0,912,4
SlotAllocation,0x558a839542a0,912,4
SlotAllocation,0x558a83989a30,912,4
SlotAllocation,0x558a8391dfd0,913,0
SlotAllocation,0x558a839542a0,913,1
SlotAllocation,0x558a83989a30,913,0
SlotAllocation,0x558a8391dfd0,914,4
SlotAllocation,0x558a839542a0,914,4
SlotAllocation,0x558a83989a30,914,4
SlotAllocation,0x558a8391dfd0,915,1
SlotAllocation,0x558a839542a0,915,1
SlotAllocation,0x558a83989a30,915,4
SlotAllocation,0x558a8391dfd0,916,4
SlotAllocation,0x558a839542a0,916,4
SlotAllocation,0x558a83989a30,916,4
SlotAllocation,0x558a8391dfd0,917,4
SlotAllocation,0x558a839542a0,917,4
SlotAllocation,0x558a83989a30,917,4
SlotAllocation,0x558a8391dfd0,918,0
SlotAllocation,0x558a839542a0,918,0
SlotAllocation,0x558a83989a30,918,1
SlotAllocation,0x558a8391dfd0,919,4
SlotAllocation,0x558a839542a0,919,4
SlotAllocation,0x558a83989a30,919,4
SlotAllocation,0x558a8391dfd0,920,1
SlotAllocation,0x558a839542a0,920,1
SlotAllocation,0x558a83989a30,920,1
SlotAllocation,0x558a8391dfd0,921,4
SlotAllocation,0x558a839542a0,921,4
SlotAllocation,0x558a83989a30,921,4
SlotAllocation,0x558a8391dfd0,922,0
SlotAllocation,0x558a839542a0,922,4
SlotAllocation,0x558a83989a30,922,0
SlotAllocation,0x558a8391dfd0,923,4
SlotAllocation,0x558a839542a0,923,4
SlotAllocation,0x558a83989a30,923,4
SlotAllocation,0x558a8391dfd0,924,4
SlotAllocation,0x558a839542a0,924,4
SlotAllocation,0x558a83989a30,924,0
SlotAllocation,0x558a8391dfd0,925,0
SlotAllocation,0x558a839542a0,925,0
SlotAllocation,0x558a83989a30,925,4
SlotAllocation,0x558a8391dfd0,926,4
SlotAllocation,0x558a839542a0,926,4
SlotAllocation,0x558a83989a30,926,4
SlotAllocation,0x558a8391dfd0,927,0
SlotAllocation,0x558a839542a0,927,4
SlotAllocation,0x558a83989a30,927,1
SlotAllocation,0x558a8391dfd0,928,4
SlotAllocation,0x558a839542a0,928,4
SlotAllocation,0x558a83989a30,928,4
SlotAllocation,0x558a8391dfd0,929,0
SlotAllocation,0x558a839542a0,929,4
SlotAllocation,0x558a83989a30,929,0
SlotAllocation,0x558a8391dfd0,930,4
SlotAllocation,0x558a839542a0,930,1
SlotAllocation,0x558a83989a30,930,4
SlotAllocation,0x558a8391dfd0,931,0
SlotAllocation,0x558a839542a0,931,4
SlotAllocation,0x558a83989a30,931,0
SlotAllocation,0x558a8391dfd0,932,4
SlotAllocation,0x558a839542a0,932,0
SlotAllocation,0x558a83989a30,932,4
SlotAllocation,0x558a8391dfd0,933,1
SlotAllocation,0x558a839542a0,933,4
SlotAllocation,0x558a83989a30,933,4
SlotAllocation,0x558a8391dfd0,934,4
SlotAllocation,0x558a839542a0,934,4
SlotAllocation,0x558a83989a30,934,4
SlotAllocation,0x558a8391dfd0,935,0
SlotAllocation,0x558a839542a0,935,4
SlotAllocation,0x558a83989a30,935,4
SlotAllocation,0x558a8391dfd0,936,4
SlotAllocation,0x558a839542a0,936,0
SlotAllocation,0x558a83989a30,936,1
SlotAllocation,0x558a8391dfd0,937,0
SlotAllocation,0x558a839542a0,937,4
SlotAllocation,0x558a83989a30,937,4
SlotAllocation,0x558a8391dfd0,938,4
SlotAllocation,0x558a839542a0,938,1
SlotAllocation,0x558a83989a30,938,0
SlotAllocation,0x558a8391dfd0,939,1
SlotAllocation,0x558a839542a0,939,4
SlotAllocation,0x558a83989a30,939,4
SlotAllocation,0x558a8391dfd0,940,4
SlotAllocation,0x558a839542a0,940,4
SlotAllocation,0x558a83989a30,940,0
SlotAllocation,0x558a8391dfd0,941,4
SlotAllocation,0x558a839542a0,941,0
SlotAllocation,0x558a83989a30,941,4
SlotAllocation,0x558a8391dfd0,942,4
SlotAllocation,0x558a839542a0,942,4
SlotAllocation,0x558a83989a30,942,1
SlotAllocation,0x558a8391dfd0,943,4
SlotAllocation,0x558a839542a0,943,1
SlotAllocation,0x558a83989a30,943,4
SlotAllocation,0x558a8391dfd0,944,2
SlotAllocation,0x558a839542a0,944,4
SlotAllocation,0x558a83989a30,944,4
SlotAllocation,0x558a8391dfd0,945,4
SlotAllocation,0x558a839542a0,945,0
SlotAllocation,0x558a83989a30,945,4
SlotAllocation,0x558a8391dfd0,946,4
SlotAllocation,0x558a839542a0,946,4
SlotAllocation,0x558a83989a30,946,4
SlotAllocation,0x558a8391dfd0,947,4
SlotAllocation,0x558a839542a0,947,1
SlotAllocation,0x558a83989a30,947,0
SlotAllocation,0x558a8391dfd0,948,2
SlotAllocation,0x558a839542a0,948,4
SlotAllocation,0x558a83989a30,948,4
SlotAllocation,0x558a8391dfd0,949,4
SlotAllocation,0x558a839542a0,949,0
SlotAllocation,0x558a83989a30,949,2
SlotAllocation,0x558a8391dfd0,950,0
SlotAllocation,0x558a839542a0,950,4
SlotAllocation,0x558a83989a30,950,4
SlotAllocation,0x558a8391dfd0,951,4
SlotAllocation,0x558a839542a0,951,3
SlotAllocation,0x558a83989a30,951,1
SlotAllocation,0x558a8391dfd0,952,4
SlotAllocation,0x558a839542a0,952,4
SlotAllocation,0x558a83989a30,952,4
SlotAllocation,0x558a8391dfd0,953,4
SlotAllocation,0x558a839542a0,953,0
SlotAllocation,0x558a83989a30,953,4
SlotAllocation,0x558a8391dfd0,954,4
SlotAllocation,0x558a839542a0,954,4
SlotAllocation,0x558a83989a30,954,4
SlotAllocation,0x558a8391dfd0,955,0
SlotAllocation,0x558a839542a0,955,4
SlotAllocation,0x558a83989a30,955,4
SlotAllocation,0x558a8391dfd0,956,4
SlotAllocation,0x558a839542a0,956,0
SlotAllocation,0x558a83989a30,956,0
SlotAllocation,0x558a8391dfd0,957,1
SlotAllocation,0x558a839542a0,957,4
SlotAllocation,0x558a83989a30,957,4
SlotAllocation,0x558a8391dfd0,958,4
SlotAllocation,0x558a839542a0,958,2
SlotAllocation,0x558a83989a30,958,0
SlotAllocation,0x558a8391dfd0,959,4
SlotAllocation,0x558a839542a0,959,4
SlotAllocation,0x558a83989a30,959,4
SlotAllocation,0x558a8391dfd0,960,0
SlotAllocation,0x558a839542a0,960,4
SlotAllocation,0x558a83989a30,960,4
SlotAllocation,0x558a8391dfd0,961,4
SlotAllocation,0x558a839542a0,961,0
SlotAllocation,0x558a83989a30,961,4
SlotAllocation,0x558a8391dfd0,962,0
SlotAllocation,0x558a839542a0,962,4
SlotAllocation,0x558a83989a30,962,4
SlotAllocation,0x558a8391dfd0,963,4
SlotAllocation,0x558a839542a0,963,1
SlotAllocation,0x558a83989a30,963,1
SlotAllocation,0x558a8391dfd0,964,1
SlotAllocation,0x558a839542a0,964,4
SlotAllocation,0x558a83989a30,964,4
SlotAllocation,0x558a8391dfd0,965,4
SlotAllocation,0x558a839542a0,965,0
SlotAllocation,0x558a83989a30,965,1
SlotAllocation,0x558a8391dfd0,966,4
SlotAllocation,0x558a839542a0,966,4
SlotAllocation,0x558a83989a30,966,4
SlotAllocation,0x558a8391dfd0,967,0
SlotAllocation,0x558a839542a0,967,4
SlotAllocation,0x558a83989a30,967,0
SlotAllocation,0x558a8391dfd0,968,4
SlotAllocation,0x558a839542a0,968,4
SlotAllocation,0x558a83989a30,968,4
SlotAllocation,0x558a8391dfd0,969,0
SlotAllocation,0x558a839542a0,969,4
SlotAllocation,0x558a83989a30,969,0
SlotAllocation,0x558a8391dfd0,970,4
SlotAllocation,0x558a839542a0,970,1
SlotAllocation,0x558a83989a30,970,4
SlotAllocation,0x558a8391dfd0,971,4
SlotAllocation,0x558a839542a0,971,4
SlotAllocation,0x558a83989a30,971,4
SlotAllocation,0x558a8391dfd0,972,4
SlotAllocation,0x558a839542a0,972,2
SlotAllocation,0x558a83989a30,972,1
SlotAllocation,0x558a8391dfd0,973,4
SlotAllocation,0x558a839542a0,973,4
SlotAllocation,0x558a83989a30,973,4
SlotAllocation,0x558a8391dfd0,974,0
SlotAllocation,0x558a839542a0,974,4
SlotAllocation,0x558a83989a30,974,0
SlotAllocation,0x558a8391dfd0,975,4
SlotAllocation,0x558a839542a0,975,0
SlotAllocation,0x558a83989a30,975,4
SlotAllocation,0x558a8391dfd0,976,4
SlotAllocation,0x558a839542a0,976,4
SlotAllocation,0x558a83989a30,976,4
SlotAllocation,0x558a8391dfd0,977,4
SlotAllocation,0x558a839542a0,977,0
SlotAllocation,0x558a83989a30,977,2
SlotAllocation,0x558a8391dfd0,978,4
SlotAllocation,0x558a839542a0,978,4
SlotAllocation,0x558a83989a30,978,4
SlotAllocation,0x558a8391dfd0,979,2
SlotAllocation,0x558a839542a0,979,0
SlotAllocation,0x558a83989a30,979,1
SlotAllocation,0x558a8391dfd0,980,4
SlotAllocation,0x558a839542a0,980,4
SlotAllocation,0x558a83989a30,980,4
SlotAllocation,0x558a8391dfd0,981,1
SlotAllocation,0x558a839542a0,981,4
SlotAllocation,0x558a83989a30,981,1
SlotAllocation,0x558a8391dfd0,982,4
SlotAllocation,0x558a839542a0,982,2
SlotAllocation,0x558a83989a30,982,4
SlotAllocation,0x558a8391dfd0,983,0
SlotAllocation,0x558a839542a0,983,4
SlotAllocation,0x558a83989a30,983,0
SlotAllocation,0x558a8391dfd0,984,4
SlotAllocation,0x558a839542a0,984,0
SlotAllocation,0x558a83989a30,984,4
SlotAllocation,0x558a8391dfd0,985,4
SlotAllocation,0x558a839542a0,985,4
SlotAllocation,0x558a83989a30,985,4
SlotAllocation,0x558a8391dfd0,986,4
SlotAllocation,0x558a839542a0,986,1
SlotAllocation,0x558a83989a30,986,4
SlotAllocation,0x558a8391dfd0,987,4
SlotAllocation,0x558a839542a0,987,4
SlotAllocation,0x558a83989a30,987,4
SlotAllocation,0x558a8391dfd0,988,0
SlotAllocation,0x558a839542a0,988,0
SlotAllocation,0x558a83989a30,988,0
SlotAllocation,0x558a8391dfd0,989,4
SlotAllocation,0x558a839542a0,989,4
SlotAllocation,0x558a83989a30,989,4
SlotAllocation,0x558a8391dfd0,990,0
SlotAllocation,0x558a839542a0,990,4
SlotAllocation,0x558a83989a30,990,0
SlotAllocation,0x558a8391dfd0,991,4
SlotAllocation,0x558a839542a0,991,0
SlotAllocation,0x558a83989a30,991,4
SlotAllocation,0x558a8391dfd0,992,4
SlotAllocation,0x558a839542a0,992,4
SlotAllocation,0x558a83989a30,992,0
SlotAllocation,0x558a8391dfd0,993,1
SlotAllocation,0x558a839542a0,993,1
SlotAllocation,0x558a83989a30,993,4
SlotAllocation,0x558a8391dfd0,994,4
SlotAllocation,0x558a839542a0,994,4
SlotAllocation,0x558a83989a30,994,0
SlotAllocation,0x558a8391dfd0,995,0
SlotAllocation,0x558a839542a0,995,4
SlotAllocation,0x558a83989a30,995,4
SlotAllocation,0x558a8391dfd0,996,4
SlotAllocation,0x558a839542a0,996,0
SlotAllocation,0x558a83989a30,996,4
SlotAllocation,0x558a8391dfd0,997,0
SlotAllocation,0x558a839542a0,997,4
SlotAllocation,0x558a83989a30,997,1
SlotAllocation,0x558a8391dfd0,998,4
SlotAllocation,0x558a839542a0,998,1
SlotAllocation,0x558a83989a30,998,4
SlotAllocation,0x558a8391dfd0,999,0
SlotAllocation,0x558a839542a0,999,4
SlotAllocation,0x558a83989a30,999,1
SlotAllocation,0x558a8391dfd0,1000,4
SlotAllocation,0x558a839542a0,1000,0
SlotAllocation,0x558a83989a30,1000,4
SlotAllocation,0x558a8391dfd0,1001,1
SlotAllocation,0x558a839542a0,1001,4
SlotAllocation,0x558a83989a30,1001,0
SlotAllocation,0x558a8391dfd0,1002,4
SlotAllocation,0x558a839542a0,1002,4
SlotAllocation,0x558a83989a30,1002,4
SlotAllocation,0x558a8391dfd0,1003,4
SlotAllocation,0x558a839542a0,1003,0
SlotAllocation,0x558a83989a30,1003,4
SlotAllocation,0x558a8391dfd0,1004,0
SlotAllocation,0x558a839542a0,1004,4
SlotAllocation,0x558a83989a30,1004,4
SlotAllocation,0x558a8391dfd0,1005,4
SlotAllocation,0x558a839542a0,1005,4
SlotAllocation,0x558a83989a30,1005,4
SlotAllocation,0x558a8391dfd0,1006,0
SlotAllocation,0x558a839542a0,1006,4
SlotAllocation,0x558a83989a30,1006,0
SlotAllocation,0x558a8391dfd0,1007,4
SlotAllocation,0x558a839542a0,1007,4
SlotAllocation,0x558a83989a30,1007,4
SlotAllocation,0x558a8391dfd0,1008,0
SlotAllocation,0x558a839542a0,1008,1
SlotAllocation,0x558a83989a30,1008,1
SlotAllocation,0x558a8391dfd0,1009,4
SlotAllocation,0x558a839542a0,1009,4
SlotAllocation,0x558a83989a30,1009,4
SlotAllocation,0x558a8391dfd0,1010,4
SlotAllocation,0x558a839542a0,1010,0
SlotAllocation,0x558a83989a30,1010,4
SlotAllocation,0x558a8391dfd0,1011,1
SlotAllocation,0x558a839542a0,1011,4
SlotAllocation,0x558a83989a30,1011,4
SlotAllocation,0x558a8391dfd0,1012,4
SlotAllocation,0x558a839542a0,1012,1
SlotAllocation,0x558a83989a30,1012,4
SlotAllocation,0x558a8391dfd0,1013,0
SlotAllocation,0x558a839542a0,1013,4
SlotAllocation,0x558a83989a30,1013,0
SlotAllocation,0x558a8391dfd0,1014,4
SlotAllocation,0x558a839542a0,1014,0
SlotAllocation,0x558a83989a30,1014,4
SlotAllocation,0x558a8391dfd0,1015,2
SlotAllocation,0x558a839542a0,1015,4
SlotAllocation,0x558a83989a30,1015,1
SlotAllocation,0x558a8391dfd0,1016,4
SlotAllocation,0x558a839542a0,1016,2
SlotAllocation,0x558a83989a30,1016,4
SlotAllocation,0x558a8391dfd0,1017,0
SlotAllocation,0x558a839542a0,1017,4
SlotAllocation,0x558a83989a30,1017,0
SlotAllocation,0x558a8391dfd0,1018,4
SlotAllocation,0x558a839542a0,1018,1
SlotAllocation,0x558a83989a30,1018,4
SlotAllocation,0x558a8391dfd0,1019,4
SlotAllocation,0x558a839542a0,1019,4
SlotAllocation,0x558a83989a30,1019,2
SlotAllocation,0x558a8391dfd0,1020,0
SlotAllocation,0x558a839542a0,1020,4
SlotAllocation,0x558a83989a30,1020,4
SlotAllocation,0x558a8391dfd0,1021,4
SlotAllocation,0x558a839542a0,1021,0
SlotAllocation,0x558a83989a30,1021,4
SlotAllocation,0x558a8391dfd0,1022,4
SlotAllocation,0x558a839542a0,1022,4
SlotAllocation,0x558a83989a30,1022,4
SlotAllocation,0x558a8391dfd0,1023,4
SlotAllocation,0x558a839542a0,1023,4
SlotAllocation,0x558a83989a30,1023,4
SlotAllocation,0x558a8391dfd0,1024,4
SlotAllocation,0x558a839542a0,1024,4
SlotAllocation,0x558a83989a30,1024,0
SlotAllocation,0x558a8391dfd0,1025,2
SlotAllocation,0x558a839542a0,1025,4
SlotAllocation,0x558a83989a30,1025,4
SlotAllocation,0x558a8391dfd0,1026,4
SlotAllocation,0x558a839542a0,1026,1
SlotAllocation,0x558a83989a30,1026,0
SlotAllocation,0x558a8391dfd0,1027,0
SlotAllocation,0x558a839542a0,1027,4
SlotAllocation,0x558a83989a30,1027,4
SlotAllocation,0x558a8391dfd0,1028,4
SlotAllocation,0x558a839542a0,1028,0
SlotAllocation,0x558a83989a30,1028,1
SlotAllocation,0x558a8391dfd0,1029,1
SlotAllocation,0x558a839542a0,1029,4
SlotAllocation,0x558a83989a30,1029,4
SlotAllocation,0x558a8391dfd0,1030,4
SlotAllocation,0x558a839542a0,1030,0
SlotAllocation,0x558a83989a30,1030,4
SlotAllocation,0x558a8391dfd0,1031,4
SlotAllocation,0x558a839542a0,1031,4
SlotAllocation,0x558a83989a30,1031,4
SlotAllocation,0x558a8391dfd0,1032,4
SlotAllocation,0x558a839542a0,1032,2
SlotAllocation,0x558a83989a30,1032,4
SlotAllocation,0x558a8391dfd0,1033,4
SlotAllocation,0x558a839542a0,1033,4
SlotAllocation,0x558a83989a30,1033,2
SlotAllocation,0x558a8391dfd0,1034,0
SlotAllocation,0x558a839542a0,1034,4
SlotAllocation,0x558a83989a30,1034,4
SlotAllocation,0x558a8391dfd0,1035,4
SlotAllocation,0x558a839542a0,1035,1
SlotAllocation,0x558a83989a30,1035,4
SlotAllocation,0x558a8391dfd0,1036,4
SlotAllocation,0x558a839542a0,1036,4
SlotAllocation,0x558a83989a30,1036,4
SlotAllocation,0x558a8391dfd0,1037,4
SlotAllocation,0x558a839542a0,1037,2
SlotAllocation,0x558a83989a30,1037,4
SlotAllocation,0x558a8391dfd0,1038,4
SlotAllocation,0x558a839542a0,1038,4
SlotAllocation,0x558a83989a30,1038,0
SlotAllocation,0x558a8391dfd0,1039,0
SlotAllocation,0x558a839542a0,1039,0
SlotAllocation,0x558a83989a30,1039,4
SlotAllocation,0x558a8391dfd0,1040,4
SlotAllocation,0x558a839542a0,1040,4
SlotAllocation,0x558a83989a30,1040,1
SlotAllocation,0x558a8391dfd0,1041,0
SlotAllocation,0x558a839542a0,1041,4
SlotAllocation,0x558a83989a30,1041,4
SlotAllocation,0x558a8391dfd0,1042,4
SlotAllocation,0x558a839542a0,1042,0
SlotAllocation,0x558a83989a30,1042,4
SlotAllocation,0x558a8391dfd0,1043,4
SlotAllocation,0x558a839542a0,1043,4
SlotAllocation,0x558a83989a30,1043,4
SlotAllocation,0x558a8391dfd0,1044,2
SlotAllocation,0x558a839542a0,1044,2
SlotAllocation,0x558a83989a30,1044,4
SlotAllocation,0x558a8391dfd0,1045,4
SlotAllocation,0x558a839542a0,1045,4
SlotAllocation,0x558a83989a30,1045,0
SlotAllocation,0x558a8391dfd0,1046,0
SlotAllocation,0x558a839542a0,1046,4
SlotAllocation,0x558a83989a30,1046,4
SlotAllocation,0x558a8391dfd0,1047,4
SlotAllocation,0x558a839542a0,1047,1
SlotAllocation,0x558a83989a30,1047,1
SlotAllocation,0x558a8391dfd0,1048,1
SlotAllocation,0x558a839542a0,1048,4
SlotAllocation,0x558a83989a30,1048,4
SlotAllocation,0x558a8391dfd0,1049,4
SlotAllocation,0x558a839542a0,1049,0
SlotAllocation,0x558a83989a30,1049,4
SlotAllocation,0x558a8391dfd0,1050,4
SlotAllocation,0x558a839542a0,1050,4
SlotAllocation,0x558a83989a30,1050,0
SlotAllocation,0x558a8391dfd0,1051,4
SlotAllocation,0x558a839542a0,1051,0
SlotAllocation,0x558a83989a30,1051,4
SlotAllocation,0x558a8391dfd0,1052,4
SlotAllocation,0x558a839542a0,1052,4
SlotAllocation,0x558a83989a30,1052,0
SlotAllocation,0x558a8391dfd0,1053,1
SlotAllocation,0x558a839542a0,1053,4
SlotAllocation,0x558a83989a30,1053,4
SlotAllocation,0x558a8391dfd0,1054,4
SlotAllocation,0x558a839542a0,1054,4
SlotAllocation,0x558a83989a30,1054,1
SlotAllocation,0x558a8391dfd0,1055,4
SlotAllocation,0x558a839542a0,1055,4
SlotAllocation,0x558a83989a30,1055,4
SlotAllocation,0x558a8391dfd0,1056,4
SlotAllocation,0x558a839542a0,1056,1
SlotAllocation,0x558a83989a30,1056,4
SlotAllocation,0x558a8391dfd0,1057,2
SlotAllocation,0x558a839542a0,1057,4
SlotAllocation,0x558a83989a30,1057,0
SlotAllocation,0x558a8391dfd0,1058,4
SlotAllocation,0x558a839542a0,1058,1
SlotAllocation,0x558a83989a30,1058,4
SlotAllocation,0x558a8391dfd0,1059,4
SlotAllocation,0x558a839542a0,1059,4
SlotAllocation,0x558a83989a30,1059,1
SlotAllocation,0x558a8391dfd0,1060,4
SlotAllocation,0x558a839542a0,1060,0
SlotAllocation,0x558a83989a30,1060,4
SlotAllocation,0x558a8391dfd0,1061,4
SlotAllocation,0x558a839542a0,1061,4
SlotAllocation,0x558a83989a30,1061,2
SlotAllocation,0x558a8391dfd0,1062,0
SlotAllocation,0x558a839542a0,1062,0
SlotAllocation,0x558a83989a30,1062,4
SlotAllocation,0x558a8391dfd0,1063,4
SlotAllocation,0x558a839542a0,1063,4
SlotAllocation,0x558a83989a30,1063,0
SlotAllocation,0x558a8391dfd0,1064,1
SlotAllocation,0x558a839542a0,1064,4
SlotAllocation,0x558a83989a30,1064,4
SlotAllocation,0x558a8391dfd0,1065,4
SlotAllocation,0x558a839542a0,1065,4
SlotAllocation,0x558a83989a30,1065,4
SlotAllocation,0x558a8391dfd0,1066,4
SlotAllocation,0x558a839542a0,1066,4
SlotAllocation,0x558a83989a30,1066,4
SlotAllocation,0x558a8391dfd0,1067,4
SlotAllocation,0x558a839542a0,1067,1
SlotAllocation,0x558a83989a30,1067,4
SlotAllocation,0x558a8391dfd0,1068,4
SlotAllocation,0x558a839542a0,1068,4
SlotAllocation,0x558a83989a30,1068,0
SlotAllocation,0x558a8391dfd0,1069,0
SlotAllocation,0x558a839542a0,1069,1
SlotAllocation,0x558a83989a30,1069,4
SlotAllocation,0x558a8391dfd0,1070,4
SlotAllocation,0x558a839542a0,1070,4
SlotAllocation,0x558a83989a30,1070,1
SlotAllocation,0x558a8391dfd0,1071,1
SlotAllocation,0x558a839542a0,1071,0
SlotAllocation,0x558a83989a30,1071,4
SlotAllocation,0x558a8391dfd0,1072,4
SlotAllocation,0x558a839542a0,1072,4
SlotAllocation,0x558a83989a30,1072,4
SlotAllocation,0x558a8391dfd0,1073,4
SlotAllocation,0x558a839542a0,1073,2
SlotAllocation,0x558a83989a30,1073,4
SlotAllocation,0x558a8391dfd0,1074,4
SlotAllocation,0x558a839542a0,1074,4
SlotAllocation,0x558a83989a30,1074,4
SlotAllocation,0x558a8391dfd0,1075,4
SlotAllocation,0x558a839542a0,1075,0
SlotAllocation,0x558a83989a30,1075,0
SlotAllocation,0x558a8391dfd0,1076,1
SlotAllocation,0x558a839542a0,1076,4
SlotAllocation,0x558a83989a30,1076,4
SlotAllocation,0x558a8391dfd0,1077,4
SlotAllocation,0x558a839542a0,1077,1
SlotAllocation,0x558a83989a30,1077,0
SlotAllocation,0x558a8391dfd0,1078,0
SlotAllocation,0x558a839542a0,1078,4
SlotAllocation,0x558a83989a30,1078,4
SlotAllocation,0x558a8391dfd0,1079,4
SlotAllocation,0x558a839542a0,1079,4
SlotAllocation,0x558a83989a30,1079,4
SlotAllocation,0x558a8391dfd0,1080,2
SlotAllocation,0x558a839542a0,1080,4
SlotAllocation,0x558a83989a30,1080,0
SlotAllocation,0x558a8391dfd0,1081,4
SlotAllocation,0x558a839542a0,1081,4
SlotAllocation,0x558a83989a30,1081,4
SlotAllocation,0x558a8391dfd0,1082,1
SlotAllocation,0x558a839542a0,1082,0
SlotAllocation,0x558a83989a30,1082,1
SlotAllocation,0x558a8391dfd0,1083,4
SlotAllocation,0x558a839542a0,1083,4
SlotAllocation,0x558a83989a30,1083,4
SlotAllocation,0x558a8391dfd0,1084,4
SlotAllocation,0x558a839542a0,1084,1
SlotAllocation,0x558a83989a30,1084,0
SlotAllocation,0x558a8391dfd0,1085,0
SlotAllocation,0x558a839542a0,1085,4
SlotAllocation,0x558a83989a30,1085,4
SlotAllocation,0x558a8391dfd0,1086,4
SlotAllocation,0x558a839542a0,1086,0
SlotAllocation,0x558a83989a30,1086,0
SlotAllocation,0x558a8391dfd0,1087,4
SlotAllocation,0x558a839542a0,1087,4
SlotAllocation,0x558a83989a30,1087,4
SlotAllocation,0x558a8391dfd0,1088,4
SlotAllocation,0x558a839542a0,1088,4
SlotAllocation,0x558a83989a30,1088,4
SlotAllocation,0x558a8391dfd0,1089,4
SlotAllocation,0x558a839542a0,1089,0
SlotAllocation,0x558a83989a30,1089,4
SlotAllocation,0x558a8391dfd0,1090,0
SlotAllocation,0x558a839542a0,1090,4
SlotAllocation,0x558a83989a30,1090,4
SlotAllocation,0x558a8391dfd0,1091,4
SlotAllocation,0x558a839542a0,1091,1
SlotAllocation,0x558a83989a30,1091,1
SlotAllocation,0x558a8391dfd0,1092,0
SlotAllocation,0x558a839542a0,1092,4
SlotAllocation,0x558a83989a30,1092,4
SlotAllocation,0x558a8391dfd0,1093,4
SlotAllocation,0x558a839542a0,1093,1
SlotAllocation,0x558a83989a30,1093,0
SlotAllocation,0x558a8391dfd0,1094,4
SlotAllocation,0x558a839542a0,1094,4
SlotAllocation,0x558a83989a30,1094,4
SlotAllocation,0x558a8391dfd0,1095,1
SlotAllocation,0x558a839542a0,1095,0
SlotAllocation,0x558a83989a30,1095,0
SlotAllocation,0x558a8391dfd0,1096,4
SlotAllocation,0x558a839542a0,1096,4
SlotAllocation,0x558a83989a30,1096,4
SlotAllocation,0x558a8391dfd0,1097,0
SlotAllocation,0x558a839542a0,1097,0
SlotAllocation,0x558a83989a30,1097,4
SlotAllocation,0x558a8391dfd0,1098,4
SlotAllocation,0x558a839542a0,1098,4
SlotAllocation,0x558a83989a30,1098,4
SlotAllocation,0x558a8391dfd0,1099,4
SlotAllocation,0x558a839542a0,1099,4
SlotAllocation,0x558a83989a30,1099,4
SlotAllocation,0x558a8391dfd0,1100,0
SlotAllocation,0x558a839542a0,1100,0
SlotAllocation,0x558a83989a30,1100,1
SlotAllocation,0x558a8391dfd0,1101,4
SlotAllocation,0x558a839542a0,1101,4
SlotAllocation,0x558a83989a30,1101,4
SlotAllocation,0x558a8391dfd0,1102,1
SlotAllocation,0x558a839542a0,1102,0
SlotAllocation,0x558a83989a30,1102,0
SlotAllocation,0x558a8391dfd0,1103,4
SlotAllocation,0x558a839542a0,1103,4
SlotAllocation,0x558a83989a30,1103,4
SlotAllocation,0x558a8391dfd0,1104,4
SlotAllocation,0x558a839542a0,1104,1
SlotAllocation,0x558a83989a30,1104,4
SlotAllocation,0x558a8391dfd0,1105,0
SlotAllocation,0x558a839542a0,1105,4
SlotAllocation,0x558a83989a30,1105,1
SlotAllocation,0x558a8391dfd0,1106,4
SlotAllocation,0x558a839542a0,1106,0
SlotAllocation,0x558a83989a30,1106,4
SlotAllocation,0x558a8391dfd0,1107,0
SlotAllocation,0x558a839542a0,1107,4
SlotAllocation,0x558a83989a30,1107,0
SlotAllocation,0x558a8391dfd0,1108,4
SlotAllocation,0x558a839542a0,1108,0
SlotAllocation,0x558a83989a30,1108,4
SlotAllocation,0x558a8391dfd0,1109,4
SlotAllocation,0x558a839542a0,1109,4
SlotAllocation,0x558a83989a30,1109,4
SlotAllocation,0x558a8391dfd0,1110,4
SlotAllocation,0x558a839542a0,1110,1
SlotAllocation,0x558a83989a30,1110,0
SlotAllocation,0x558a8391dfd0,1111,4
SlotAllocation,0x558a839542a0,1111,4
SlotAllocation,0x558a83989a30,1111,4
SlotAllocation,0x558a8391dfd0,1112,0
SlotAllocation,0x558a839542a0,1112,2
SlotAllocation,0x558a83989a30,1112,0
SlotAllocation,0x558a8391dfd0,1113,4
SlotAllocation,0x558a839542a0,1113,4
SlotAllocation,0x558a83989a30,1113,4
SlotAllocation,0x558a8391dfd0,1114,1
SlotAllocation,0x558a839542a0,1114,0
SlotAllocation,0x558a83989a30,1114,2
SlotAllocation,0x558a8391dfd0,1115,4
SlotAllocation,0x558a839542a0,1115,4
SlotAllocation,0x558a83989a30,1115,4
SlotAllocation,0x558a8391dfd0,1116,0
SlotAllocation,0x558a839542a0,1116,1
SlotAllocation,0x558a83989a30,1116,1
SlotAllocation,0x558a8391dfd0,1117,4
SlotAllocation,0x558a839542a0,1117,4
SlotAllocation,0x558a83989a30,1117,4
SlotAllocation,0x558a8391dfd0,1118,2
SlotAllocation,0x558a839542a0,1118,4
SlotAllocation,0x558a83989a30,1118,0
SlotAllocation,0x558a8391dfd0,1119,4
SlotAllocation,0x558a839542a0,1119,4
SlotAllocation,0x558a83989a30,1119,4
SlotAllocation,0x558a8391dfd0,1120,1
SlotAllocation,0x558a839542a0,1120,4
SlotAllocation,0x558a83989a30,1120,1
SlotAllocation,0x558a8391dfd0,1121,4
SlotAllocation,0x558a839542a0,1121,0
SlotAllocation,0x558a83989a30,1121,4
SlotAllocation,0x558a8391dfd0,1122,4
SlotAllocation,0x558a839542a0,1122,4
SlotAllocation,0x558a83989a30,1122,4
SlotAllocation,0x558a8391dfd0,1123,0
SlotAllocation,0x558a839542a0,1123,2
SlotAllocation,0x558a83989a30,1123,4
SlotAllocation,0x558a8391dfd0,1124,4
SlotAllocation,0x558a839542a0,1124,4
SlotAllocation,0x558a83989a30,1124,4
SlotAllocation,0x558a8391dfd0,1125,0
SlotAllocation,0x558a839542a0,1125,1
SlotAllocation,0x558a83989a30,1125,0
SlotAllocation,0x558a8391dfd0,1126,4
SlotAllocation,0x558a839542a0,1126,4
SlotAllocation,0x558a83989a30,1126,4
SlotAllocation,0x558a8391dfd0,1127,4
SlotAllocation,0x558a839542a0,1127,1
SlotAllocation,0x558a83989a30,1127,0
SlotAllocation,0x558a8391dfd0,1128,0
SlotAllocation,0x558a839542a0,1128,4
SlotAllocation,0x558a83989a30,1128,4
SlotAllocation,0x558a8391dfd0,1129,4
SlotAllocation,0x558a839542a0,1129,4
SlotAllocation,0x558a83989a30,1129,1
SlotAllocation,0x558a8391dfd0,1130,4
SlotAllocation,0x558a839542a0,1130,4
SlotAllocation,0x558a83989a30,1130,4
SlotAllocation,0x558a8391dfd0,1131,4
SlotAllocation,0x558a839542a0,1131,4
SlotAllocation,0x558a83989a30,1131,0
SlotAllocation,0x558a8391dfd0,1132,4
SlotAllocation,0x558a839542a0,1132,0
SlotAllocation,0x558a83989a30,1132,4
SlotAllocation,0x558a8391dfd0,1133,1
SlotAllocation,0x558a839542a0,1133,4
SlotAllocation,0x558a83989a30,1133,4
SlotAllocation,0x558a8391dfd0,1134,4
SlotAllocation,0x558a839542a0,1134,0
SlotAllocation,0x558a83989a30,1134,1
SlotAllocation,0x558a8391dfd0,1135,0
SlotAllocation,0x558a839542a0,1135,4
SlotAllocation,0x558a83989a30,1135,4
SlotAllocation,0x558a8391dfd0,1136,4
SlotAllocation,0x558a839542a0,1136,4
SlotAllocation,0x558a83989a30,1136,4
SlotAllocation,0x558a8391dfd0,1137,0
SlotAllocation,0x558a839542a0,1137,0
SlotAllocation,0x558a83989a30,1137,4
SlotAllocation,0x558a8391dfd0,1138,4
SlotAllocation,0x558a839542a0,1138,4
SlotAllocation,0x558a83989a30,1138,4
SlotAllocation,0x558a8391dfd0,1139,1
SlotAllocation,0x558a839542a0,1139,0
SlotAllocation,0x558a83989a30,1139,2
SlotAllocation,0x558a8391dfd0,1140,4
SlotAllocation,0x558a839542a0,1140,4
SlotAllocation,0x558a83989a30,1140,4
SlotAllocation,0x558a8391dfd0,1141,4
SlotAllocation,0x558a839542a0,1141,0
SlotAllocation,0x558a83989a30,1141,0
SlotAllocation,0x558a8391dfd0,1142,0
SlotAllocation,0x558a839542a0,1142,4
SlotAllocation,0x558a83989a30,1142,4
SlotAllocation,0x558a8391dfd0,1143,4
SlotAllocation,0x558a839542a0,1143,0
SlotAllocation,0x558a83989a30,1143,1
SlotAllocation,0x558a8391dfd0,1144,0
SlotAllocation,0x558a839542a0,1144,4
SlotAllocation,0x558a83989a30,1144,4
SlotAllocation,0x558a8391dfd0,1145,4
SlotAllocation,0x558a839542a0,1145,1
SlotAllocation,0x558a83989a30,1145,0
SlotAllocation,0x558a8391dfd0,1146,4
SlotAllocation,0x558a839542a0,1146,4
SlotAllocation,0x558a83989a30,1146,4
SlotAllocation,0x558a8391dfd0,1147,4
SlotAllocation,0x558a839542a0,1147,0
SlotAllocation,0x558a83989a30,1147,4
SlotAllocation,0x558a8391dfd0,1148,4
SlotAllocation,0x558a839542a0,1148,4
SlotAllocation,0x558a83989a30,1148,1
SlotAllocation,0x558a8391dfd0,1149,4
SlotAllocation,0x558a839542a0,1149,0
SlotAllocation,0x558a83989a30,1149,4
SlotAllocation,0x558a8391dfd0,1150,0
SlotAllocation,0x558a839542a0,1150,4
SlotAllocation,0x558a83989a30,1150,2
SlotAllocation,0x558a8391dfd0,1151,4
SlotAllocation,0x558a839542a0,1151,1
SlotAllocation,0x558a83989a30,1151,4
SlotAllocation,0x558a8391dfd0,1152,1
SlotAllocation,0x558a839542a0,1152,4
SlotAllocation,0x558a83989a30,1152,4
SlotAllocation,0x558a8391dfd0,1153,4
SlotAllocation,0x558a839542a0,1153,4
SlotAllocation,0x558a83989a30,1153,0
SlotAllocation,0x558a8391dfd0,1154,4
SlotAllocation,0x558a839542a0,1154,4
SlotAllocation,0x558a83989a30,1154,4
SlotAllocation,0x558a8391dfd0,1155,0
SlotAllocation,0x558a839542a0,1155,2
SlotAllocation,0x558a83989a30,1155,1
SlotAllocation,0x558a8391dfd0,1156,4
SlotAllocation,0x558a839542a0,1156,4
SlotAllocation,0x558a83989a30,1156,4
SlotAllocation,0x558a8391dfd0,1157,0
SlotAllocation,0x558a839542a0,1157,0
SlotAllocation,0x558a83989a30,1157,0
SlotAllocation,0x558a8391dfd0,1158,4
SlotAllocation,0x558a839542a0,1158,4
SlotAllocation,0x558a83989a30,1158,4
SlotAllocation,0x558a8391dfd0,1159,4
SlotAllocation,0x558a839542a0,1159,1
SlotAllocation,0x558a83989a30,1159,4
SlotAllocation,0x558a8391dfd0,1160,2
SlotAllocation,0x558a839542a0,1160,4
SlotAllocation,0x558a83989a30,1160,4
SlotAllocation,0x558a8391dfd0,1161,4
SlotAllocation,0x558a839542a0,1161,1
SlotAllocation,0x558a83989a30,1161,4
SlotAllocation,0x558a8391dfd0,1162,4
SlotAllocation,0x558a839542a0,1162,4
SlotAllocation,0x558a83989a30,1162,2
SlotAllocation,0x558a8391dfd0,1163,4
SlotAllocation,0x558a839542a0,1163,4
SlotAllocation,0x558a83989a30,1163,4
SlotAllocation,0x558a8391dfd0,1164,4
SlotAllocation,0x558a839542a0,1164,4
SlotAllocation,0x558a83989a30,1164,4
SlotAllocation,0x558a8391dfd0,1165,1
SlotAllocation,0x558a839542a0,1165,0
SlotAllocation,0x558a83989a30,1165,4
SlotAllocation,0x558a8391dfd0,1166,4
SlotAllocation,0x558a839542a0,1166,4
SlotAllocation,0x558a83989a30,1166,4
SlotAllocation,0x558a8391dfd0,1167,0
SlotAllocation,0x558a839542a0,1167,0
SlotAllocation,0x558a83989a30,1167,0
SlotAllocation,0x558a8391dfd0,1168,4
SlotAllocation,0x558a839542a0,1168,4
SlotAllocation,0x558a83989a30,1168,4
SlotAllocation,0x558a8391dfd0,1169,1
SlotAllocation,0x558a839542a0,1169,4
SlotAllocation,0x558a83989a30,1169,0
SlotAllocation,0x558a8391dfd0,1170,4
SlotAllocation,0x558a839542a0,1170,4
SlotAllocation,0x558a83989a30,1170,4
SlotAllocation,0x558a8391dfd0,1171,4
SlotAllocation,0x558a839542a0,1171,4
SlotAllocation,0x558a83989a30,1171,1
SlotAllocation,0x558a8391dfd0,1172,4
SlotAllocation,0x558a839542a0,1172,0
SlotAllocation,0x558a83989a30,1172,4
SlotAllocation,0x558a8391dfd0,1173,4
SlotAllocation,0x558a839542a0,1173,4
SlotAllocation,0x558a83989a30,1173,4
SlotAllocation,0x558a8391dfd0,1174,1
SlotAllocation,0x558a839542a0,1174,2
SlotAllocation,0x558a83989a30,1174,4
SlotAllocation,0x558a8391dfd0,1175,4
SlotAllocation,0x558a839542a0,1175,4
SlotAllocation,0x558a83989a30,1175,4
SlotAllocation,0x558a8391dfd0,1176,4
SlotAllocation,0x558a839542a0,1176,0
SlotAllocation,0x558a83989a30,1176,2
SlotAllocation,0x558a8391dfd0,1177,4
SlotAllocation,0x558a839542a0,1177,4
SlotAllocation,0x558a83989a30,1177,4
SlotAllocation,0x558a8391dfd0,1178,4
SlotAllocation,0x558a839542a0,1178,0
SlotAllocation,0x558a83989a30,1178,0
SlotAllocation,0x558a8391dfd0,1179,1
SlotAllocation,0x558a839542a0,1179,4
SlotAllocation,0x558a83989a30,1179,4
SlotAllocation,0x558a8391dfd0,1180,4
SlotAllocation,0x558a839542a0,1180,1
SlotAllocation,0x558a83989a30,1180,0
SlotAllocation,0x558a8391dfd0,1181,0
SlotAllocation,0x558a839542a0,1181,4
SlotAllocation,0x558a83989a30,1181,4
SlotAllocation,0x558a8391dfd0,1182,4
SlotAllocation,0x558a839542a0,1182,4
SlotAllocation,0x558a83989a30,1182,4
SlotAllocation,0x558a8391dfd0,1183,2
SlotAllocation,0x558a839542a0,1183,0
SlotAllocation,0x558a83989a30,1183,4
SlotAllocation,0x558a8391dfd0,1184,4
SlotAllocation,0x558a839542a0,1184,4
SlotAllocation,0x558a83989a30,1184,4
SlotAllocation,0x558a8391dfd0,1185,4
SlotAllocation,0x558a839542a0,1185,0
SlotAllocation,0x558a83989a30,1185,1
SlotAllocation,0x558a8391dfd0,1186,1
SlotAllocation,0x558a839542a0,1186,4
SlotAllocation,0x558a83989a30,1186,4
SlotAllocation,0x558a8391dfd0,1187,4
SlotAllocation,0x558a839542a0,1187,4
SlotAllocation,0x558a83989a30,1187,0
SlotAllocation,0x558a8391dfd0,1188,0
SlotAllocation,0x558a839542a0,1188,4
SlotAllocation,0x558a83989a30,1188,4
SlotAllocation,0x558a8391dfd0,1189,4
SlotAllocation,0x558a839542a0,1189,4
SlotAllocation,0x558a83989a30,1189,0
SlotAllocation,0x558a8391dfd0,1190,1
SlotAllocation,0x558a839542a0,1190,2
SlotAllocation,0x558a83989a30,1190,4
SlotAllocation,0x558a8391dfd0,1191,4
SlotAllocation,0x558a839542a0,1191,4
SlotAllocation,0x558a83989a30,1191,1
SlotAllocation,0x558a8391dfd0,1192,4
SlotAllocation,0x558a839542a0,1192,0
SlotAllocation,0x558a83989a30,1192,4
SlotAllocation,0x558a8391dfd0,1193,4
SlotAllocation,0x558a839542a0,1193,4
SlotAllocation,0x558a83989a30,1193,0
SlotAllocation,0x558a8391dfd0,1194,4
SlotAllocation,0x558a839542a0,1194,1
SlotAllocation,0x558a83989a30,1194,4
SlotAllocation,0x558a8391dfd0,1195,0
SlotAllocation,0x558a839542a0,1195,4
SlotAllocation,0x558a83989a30,1195,4
SlotAllocation,0x558a8391dfd0,1196,4
SlotAllocation,0x558a839542a0,1196,0
SlotAllocation,0x558a83989a30,1196,0
SlotAllocation,0x558a8391dfd0,1197,0
SlotAllocation,0x558a839542a0,1197,4
SlotAllocation,0x558a83989a30,1197,4
SlotAllocation,0x558a8391dfd0,1198,4
SlotAllocation,0x558a839542a0,1198,4
SlotAllocation,0x558a83989a30,1198,4
SlotAllocation,0x558a8391dfd0,1199,4
SlotAllocation,0x558a839542a0,1199,0
SlotAllocation,0x558a83989a30,1199,4
SlotAllocation,0x558a8391dfd0,1200,1
SlotAllocation,0x558a839542a0,1200,4
SlotAllocation,0x558a83989a30,1200,4
SlotAllocation,0x558a8391dfd0,1201,4
SlotAllocation,0x558a839542a0,1201,0
SlotAllocation,0x558a83989a30,1201,0
SlotAllocation,0x558a8391dfd0,1202,1
SlotAllocation,0x558a839542a0,1202,4
SlotAllocation,0x558a83989a30,1202,4
SlotAllocation,0x558a8391dfd0,1203,4
SlotAllocation,0x558a839542a0,1203,4
SlotAllocation,0x558a83989a30,1203,1
SlotAllocation,0x558a8391dfd0,1204,0
SlotAllocation,0x558a839542a0,1204,1
SlotAllocation,0x558a83989a30,1204,4
SlotAllocation,0x558a8391dfd0,1205,4
SlotAllocation,0x558a839542a0,1205,4
SlotAllocation,0x558a83989a30,1205,1
SlotAllocation,0x558a8391dfd0,1206,2
SlotAllocation,0x558a839542a0,1206,0
SlotAllocation,0x558a83989a30,1206,4
SlotAllocation,0x558a8391dfd0,1207,4
SlotAllocation,0x558a839542a0,1207,4
SlotAllocation,0x558a83989a30,1207,0
SlotAllocation,0x558a8391dfd0,1208,4
SlotAllocation,0x558a839542a0,1208,0
SlotAllocation,0x558a83989a30,1208,4
SlotAllocation,0x558a8391dfd0,1209,4
SlotAllocation,0x558a839542a0,1209,4
SlotAllocation,0x558a83989a30,1209,4
SlotAllocation,0x558a8391dfd0,1210,4
SlotAllocation,0x558a839542a0,1210,1
SlotAllocation,0x558a83989a30,1210,4
SlotAllocation,0x558a8391dfd0,1211,0
SlotAllocation,0x558a839542a0,1211,4
SlotAllocation,0x558a83989a30,1211,4
SlotAllocation,0x558a8391dfd0,1212,4
SlotAllocation,0x558a839542a0,1212,4
SlotAllocation,0x558a83989a30,1212,0
SlotAllocation,0x558a8391dfd0,1213,4
SlotAllocation,0x558a839542a0,1213,1
SlotAllocation,0x558a83989a30,1213,4
SlotAllocation,0x558a8391dfd0,1214,4
SlotAllocation,0x558a839542a0,1214,4
SlotAllocation,0x558a83989a30,1214,1
SlotAllocation,0x558a8391dfd0,1215,4
SlotAllocation,0x558a839542a0,1215,4
SlotAllocation,0x558a83989a30,1215,4
SlotAllocation,0x558a8391dfd0,1216,1
SlotAllocation,0x558a839542a0,1216,2
SlotAllocation,0x558a83989a30,1216,0
SlotAllocation,0x558a8391dfd0,1217,4
SlotAllocation,0x558a839542a0,1217,4
SlotAllocation,0x558a83989a30,1217,4
SlotAllocation,0x558a8391dfd0,1218,1
SlotAllocation,0x558a839542a0,1218,0
SlotAllocation,0x558a83989a30,1218,0
SlotAllocation,0x558a8391dfd0,1219,4
SlotAllocation,0x558a839542a0,1219,4
SlotAllocation,0x558a83989a30,1219,4
SlotAllocation,0x558a8391dfd0,1220,4
SlotAllocation,0x558a839542a0,1220,2
SlotAllocation,0x558a83989a30,1220,1
SlotAllocation,0x558a8391dfd0,1221,4
SlotAllocation,0x558a839542a0,1221,4
SlotAllocation,0x558a83989a30,1221,4
SlotAllocation,0x558a8391dfd0,1222,4
SlotAllocation,0x558a839542a0,1222,0
SlotAllocation,0x558a83989a30,1222,2
SlotAllocation,0x558a8391dfd0,1223,0
SlotAllocation,0x558a839542a0,1223,4
SlotAllocation,0x558a83989a30,1223,4
SlotAllocation,0x558a8391dfd0,1224,4
SlotAllocation,0x558a839542a0,1224,4
SlotAllocation,0x558a83989a30,1224,4
SlotAllocation,0x558a8391dfd0,1225,4
SlotAllocation,0x558a839542a0,1225,1
SlotAllocation,0x558a83989a30,1225,1
SlotAllocation,0x558a8391dfd0,1226,4
SlotAllocation,0x558a839542a0,1226,4
SlotAllocation,0x558a83989a30,1226,4
SlotAllocation,0x558a8391dfd0,1227,1
SlotAllocation,0x558a839542a0,1227,0
SlotAllocation,0x558a83989a30,1227,0
SlotAllocation,0x558a8391dfd0,1228,4
SlotAllocation,0x558a839542a0,1228,4
SlotAllocation,0x558a83989a30,1228,4
SlotAllocation,0x558a8391dfd0,1229,2
SlotAllocation,0x558a839542a0,1229,4
SlotAllocation,0x558a83989a30,1229,4
SlotAllocation,0x558a8391dfd0,1230,4
SlotAllocation,0x558a839542a0,1230,0
SlotAllocation,0x558a83989a30,1230,4
SlotAllocation,0x558a8391dfd0,1231,4
SlotAllocation,0x558a839542a0,1231,4
SlotAllocation,0x558a83989a30,1231,4
SlotAllocation,0x558a8391dfd0,1232,4
SlotAllocation,0x558a839542a0,1232,1
SlotAllocation,0x558a83989a30,1232,1
SlotAllocation,0x558a8391dfd0,1233,4
SlotAllocation,0x558a839542a0,1233,4
SlotAllocation,0x558a83989a30,1233,4
SlotAllocation,0x558a8391dfd0,1234,0
SlotAllocation,0x558a839542a0,1234,4
SlotAllocation,0x558a83989a30,1234,0
SlotAllocation,0x558a8391dfd0,1235,4
SlotAllocation,0x558a839542a0,1235,2
SlotAllocation,0x558a83989a30,1235,4
SlotAllocation,0x558a8391dfd0,1236,0
SlotAllocation,0x558a839542a0,1236,4
SlotAllocation,0x558a83989a30,1236,1
SlotAllocation,0x558a8391dfd0,1237,4
SlotAllocation,0x558a839542a0,1237,1
SlotAllocation,0x558a83989a30,1237,4
SlotAllocation,0x558a8391dfd0,1238,0
SlotAllocation,0x558a839542a0,1238,4
SlotAllocation,0x558a83989a30,1238,0
SlotAllocation,0x558a8391dfd0,1239,4
SlotAllocation,0x558a839542a0,1239,1
SlotAllocation,0x558a83989a30,1239,4
SlotAllocation,0x558a8391dfd0,1240,4
SlotAllocation,0x558a839542a0,1240,4
SlotAllocation,0x558a83989a30,1240,4
SlotAllocation,0x558a8391dfd0,1241,1
SlotAllocation,0x558a839542a0,1241,0
SlotAllocation,0x558a83989a30,1241,1
SlotAllocation,0x558a8391dfd0,1242,4
SlotAllocation,0x558a839542a0,1242,4
SlotAllocation,0x558a83989a30,1242,4
SlotAllocation,0x558a8391dfd0,1243,0
SlotAllocation,0x558a839542a0,1243,4
SlotAllocation,0x558a83989a30,1243,0
SlotAllocation,0x558a8391dfd0,1244,4
SlotAllocation,0x558a839542a0,1244,4
SlotAllocation,0x558a83989a30,1244,4
SlotAllocation,0x558a8391dfd0,1245,1
SlotAllocation,0x558a839542a0,1245,4
SlotAllocation,0x558a83989a30,1245,4
SlotAllocation,0x558a8391dfd0,1246,4
SlotAllocation,0x558a839542a0,1246,0
SlotAllocation,0x558a83989a30,1246,1
SlotAllocation,0x558a8391dfd0,1247,0
SlotAllocation,0x558a839542a0,1247,4
SlotAllocation,0x558a83989a30,1247,4
SlotAllocation,0x558a8391dfd0,1248,4
SlotAllocation,0x558a839542a0,1248,0
SlotAllocation,0x558a83989a30,1248,1
SlotAllocation,0x558a8391dfd0,1249,4
SlotAllocation,0x558a839542a0,1249,4
SlotAllocation,0x558a83989a30,1249,4
SlotAllocation,0x558a8391dfd0,1250,1
SlotAllocation,0x558a839542a0,1250,0
SlotAllocation,0x558a83989a30,1250,0
SlotAllocation,0x558a8391dfd0,1251,4
SlotAllocation,0x558a839542a0,1251,4
SlotAllocation,0x558a83989a30,1251,4
SlotAllocation,0x558a8391dfd0,1252,1
SlotAllocation,0x558a839542a0,1252,1
SlotAllocation,0x558a83989a30,1252,0
SlotAllocation,0x558a8391dfd0,1253,4
SlotAllocation,0x558a839542a0,1253,4
SlotAllocation,0x558a83989a30,1253,4
SlotAllocation,0x558a8391dfd0,1254,4
SlotAllocation,0x558a839542a0,1254,2
SlotAllocation,0x558a83989a30,1254,0
SlotAllocation,0x558a8391dfd0,1255,4
SlotAllocation,0x558a839542a0,1255,4
SlotAllocation,0x558a83989a30,1255,4
SlotAllocation,0x558a8391dfd0,1256,4
SlotAllocation,0x558a839542a0,1256,0
SlotAllocation,0x558a83989a30,1256,1
SlotAllocation,0x558a8391dfd0,1257,0
SlotAllocation,0x558a839542a0,1257,4
SlotAllocation,0x558a83989a30,1257,4
SlotAllocation,0x558a8391dfd0,1258,4
SlotAllocation,0x558a839542a0,1258,1
SlotAllocation,0x558a83989a30,1258,4
SlotAllocation,0x558a8391dfd0,1259,0
SlotAllocation,0x558a839542a0,1259,4
SlotAllocation,0x558a83989a30,1259,2
SlotAllocation,0x558a8391dfd0,1260,4
SlotAllocation,0x558a839542a0,1260,0
SlotAllocation,0x558a83989a30,1260,4
SlotAllocation,0x558a8391dfd0,1261,4
SlotAllocation,0x558a839542a0,1261,4
SlotAllocation,0x558a83989a30,1261,0
SlotAllocation,0x558a8391dfd0,1262,1
SlotAllocation,0x558a839542a0,1262,4
SlotAllocation,0x558a83989a30,1262,4
SlotAllocation,0x558a8391dfd0,1263,4
SlotAllocation,0x558a839542a0,1263,0
SlotAllocation,0x558a83989a30,1263,4
SlotAllocation,0x558a8391dfd0,1264,4
SlotAllocation,0x558a839542a0,1264,4
SlotAllocation,0x558a83989a30,1264,4
SlotAllocation,0x558a8391dfd0,1265,0
SlotAllocation,0x558a839542a0,1265,0
SlotAllocation,0x558a83989a30,1265,4
SlotAllocation,0x558a8391dfd0,1266,4
SlotAllocation,0x558a839542a0,1266,4
SlotAllocation,0x558a83989a30,1266,0
SlotAllocation,0x558a8391dfd0,1267,0
SlotAllocation,0x558a839542a0,1267,1
SlotAllocation,0x558a83989a30,1267,4
SlotAllocation,0x558a8391dfd0,1268,4
SlotAllocation,0x558a839542a0,1268,4
SlotAllocation,0x558a83989a30,1268,0
SlotAllocation,0x558a8391dfd0,1269,0
SlotAllocation,0x558a839542a0,1269,0
SlotAllocation,0x558a83989a30,1269,4
SlotAllocation,0x558a8391dfd0,1270,4
SlotAllocation,0x558a839542a0,1270,4
SlotAllocation,0x558a83989a30,1270,4
SlotAllocation,0x558a8391dfd0,1271,2
SlotAllocation,0x558a839542a0,1271,1
SlotAllocation,0x558a83989a30,1271,2
SlotAllocation,0x558a8391dfd0,1272,4
SlotAllocation,0x558a839542a0,1272,4
SlotAllocation,0x558a83989a30,1272,4
SlotAllocation,0x558a8391dfd0,1273,1
SlotAllocation,0x558a839542a0,1273,0
SlotAllocation,0x558a83989a30,1273,0
SlotAllocation,0x558a8391dfd0,1274,4
SlotAllocation,0x558a839542a0,1274,4
SlotAllocation,0x558a83989a30,1274,4
SlotAllocation,0x558a8391dfd0,1275,0
SlotAllocation,0x558a839542a0,1275,0
SlotAllocation,0x558a83989a30,1275,4
SlotAllocation,0x558a8391dfd0,1276,4
SlotAllocation,0x558a839542a0,1276,4
SlotAllocation,0x558a83989a30,1276,0
SlotAllocation,0x558a8391dfd0,1277,1
SlotAllocation,0x558a839542a0,1277,2
SlotAllocation,0x558a83989a30,1277,4
SlotAllocation,0x558a8391dfd0,1278,4
SlotAllocation,0x558a839542a0,1278,4
SlotAllocation,0x558a83989a30,1278,0
SlotAllocation,0x558a8391dfd0,1279,4
SlotAllocation,0x558a839542a0,1279,0
SlotAllocation,0x558a83989a30,1279,4
SlotAllocation,0x558a8391dfd0,1280,4
SlotAllocation,0x558a839542a0,1280,4
SlotAllocation,0x558a83989a30,1280,4
SlotAllocation,0x558a8391dfd0,1281,4
SlotAllocation,0x558a839542a0,1281,1
SlotAllocation,0x558a83989a30,1281,0
SlotAllocation,0x558a8391dfd0,1282,0
SlotAllocation,0x558a839542a0,1282,4
SlotAllocation,0x558a83989a30,1282,4
SlotAllocation,0x558a8391dfd0,1283,4
SlotAllocation,0x558a839542a0,1283,0
SlotAllocation,0x558a83989a30,1283,1
SlotAllocation,0x558a8391dfd0,1284,1
SlotAllocation,0x558a839542a0,1284,4
SlotAllocation,0x558a83989a30,1284,4
SlotAllocation,0x558a8391dfd0,1285,4
SlotAllocation,0x558a839542a0,1285,4
SlotAllocation,0x558a83989a30,1285,0
SlotAllocation,0x558a8391dfd0,1286,2
SlotAllocation,0x558a839542a0,1286,2
SlotAllocation,0x558a83989a30,1286,4
SlotAllocation,0x558a8391dfd0,1287,4
SlotAllocation,0x558a839542a0,1287,4
SlotAllocation,0x558a83989a30,1287,4
SlotAllocation,0x558a8391dfd0,1288,0
SlotAllocation,0x558a839542a0,1288,0
SlotAllocation,0x558a83989a30,1288,2
SlotAllocation,0x558a8391dfd0,1289,4
SlotAllocation,0x558a839542a0,1289,4
SlotAllocation,0x558a83989a30,1289,4
SlotAllocation,0x558a8391dfd0,1290,4
SlotAllocation,0x558a839542a0,1290,1
SlotAllocation,0x558a83989a30,1290,4
SlotAllocation,0x558a8391dfd0,1291,4
SlotAllocation,0x558a839542a0,1291,4
SlotAllocation,0x558a83989a30,1291,4
SlotAllocation,0x558a8391dfd0,1292,4
SlotAllocation,0x558a839542a0,1292,0
SlotAllocation,0x558a83989a30,1292,4
SlotAllocation,0x558a8391dfd0,1293,0
SlotAllocation,0x558a839542a0,1293,4
SlotAllocation,0x558a83989a30,1293,0
SlotAllocation,0x558a8391dfd0,1294,4
SlotAllocation,0x558a839542a0,1294,4
SlotAllocation,0x558a83989a30,1294,4
SlotAllocation,0x558a8391dfd0,1295,4
SlotAllocation,0x558a839542a0,1295,4
SlotAllocation,0x558a83989a30,1295,1
SlotAllocation,0x558a8391dfd0,1296,4
SlotAllocation,0x558a839542a0,1296,0
SlotAllocation,0x558a83989a30,1296,4
SlotAllocation,0x558a8391dfd0,1297,4
SlotAllocation,0x558a839542a0,1297,4
SlotAllocation,0x558a83989a30,1297,0
SlotAllocation,0x558a8391dfd0,1298,0
SlotAllocation,0x558a839542a0,1298,0
SlotAllocation,0x558a83989a30,1298,4
SlotAllocation,0x558a8391dfd0,1299,4
SlotAllocation,0x558a839542a0,1299,4
SlotAllocation,0x558a83989a30,1299,4
SlotAllocation,0x558a8391dfd0,1300,0
SlotAllocation,0x558a839542a0,1300,1
SlotAllocation,0x558a83989a30,1300,4
SlotAllocation,0x558a8391dfd0,1301,4
SlotAllocation,0x558a839542a0,1301,4
SlotAllocation,0x558a83989a30,1301,4
SlotAllocation,0x558a8391dfd0,1302,0
SlotAllocation,0x558a839542a0,1302,0
SlotAllocation,0x558a83989a30,1302,1
SlotAllocation,0x558a8391dfd0,1303,4
SlotAllocation,0x558a839542a0,1303,4
SlotAllocation,0x558a83989a30,1303,4
SlotAllocation,0x558a8391dfd0,1304,1
SlotAllocation,0x558a839542a0,1304,1
SlotAllocation,0x558a83989a30,1304,1
SlotAllocation,0x558a8391dfd0,1305,4
SlotAllocation,0x558a839542a0,1305,4
SlotAllocation,0x558a83989a30,1305,4
SlotAllocation,0x558a8391dfd0,1306,0
SlotAllocation,0x558a839542a0,1306,0
SlotAllocation,0x558a83989a30,1306,1
SlotAllocation,0x558a8391dfd0,1307,4
SlotAllocation,0x558a839542a0,1307,4
SlotAllocation,0x558a83989a30,1307,4
SlotAllocation,0x558a8391dfd0,1308,1
SlotAllocation,0x558a839542a0,1308,1
SlotAllocation,0x558a83989a30,1308,4
SlotAllocation,0x558a8391dfd0,1309,4
SlotAllocation,0x558a839542a0,1309,4
SlotAllocation,0x558a83989a30,1309,4
SlotAllocation,0x558a8391dfd0,1310,4
SlotAllocation,0x558a839542a0,1310,2
SlotAllocation,0x558a83989a30,1310,4
SlotAllocation,0x558a8391dfd0,1311,4
SlotAllocation,0x558a839542a0,1311,4
SlotAllocation,0x558a83989a30,1311,0
SlotAllocation,0x558a8391dfd0,1312,4
SlotAllocation,0x558a839542a0,1312,0
SlotAllocation,0x558a83989a30,1312,4
SlotAllocation,0x558a8391dfd0,1313,1
SlotAllocation,0x558a839542a0,1313,4
SlotAllocation,0x558a83989a30,1313,2
SlotAllocation,0x558a8391dfd0,1314,4
SlotAllocation,0x558a839542a0,1314,0
SlotAllocation,0x558a83989a30,1314,4
SlotAllocation,0x558a8391dfd0,1315,0
SlotAllocation,0x558a839542a0,1315,4
SlotAllocation,0x558a83989a30,1315,0
SlotAllocation,0x558a8391dfd0,1316,4
SlotAllocation,0x558a839542a0,1316,0
SlotAllocation,0x558a83989a30,1316,4
SlotAllocation,0x558a8391dfd0,1317,0
SlotAllocation,0x558a839542a0,1317,4
SlotAllocation,0x558a83989a30,1317,1
SlotAllocation,0x558a8391dfd0,1318,4
SlotAllocation,0x558a839542a0,1318,4
SlotAllocation,0x558a83989a30,1318,4
SlotAllocation,0x558a8391dfd0,1319,1
SlotAllocation,0x558a839542a0,1319,1
SlotAllocation,0x558a83989a30,1319,4
SlotAllocation,0x558a8391dfd0,1320,4
SlotAllocation,0x558a839542a0,1320,4
SlotAllocation,0x558a83989a30,1320,4
SlotAllocation,0x558a8391dfd0,1321,0
SlotAllocation,0x558a839542a0,1321,0
SlotAllocation,0x558a83989a30,1321,4
SlotAllocation,0x558a8391dfd0,1322,4
SlotAllocation,0x558a839542a0,1322,4
SlotAllocation,0x558a83989a30,1322,0
SlotAllocation,0x558a8391dfd0,1323,4
SlotAllocation,0x558a839542a0,1323,0
SlotAllocation,0x558a83989a30,1323,4
SlotAllocation,0x558a8391dfd0,1324,2
SlotAllocation,0x558a839542a0,1324,4
SlotAllocation,0x558a83989a30,1324,3
SlotAllocation,0x558a8391dfd0,1325,4
SlotAllocation,0x558a839542a0,1325,1
SlotAllocation,0x558a83989a30,1325,4
SlotAllocation,0x558a8391dfd0,1326,0
SlotAllocation,0x558a839542a0,1326,4
SlotAllocation,0x558a83989a30,1326,4
SlotAllocation,0x558a8391dfd0,1327,4
SlotAllocation,0x558a839542a0,1327,0
SlotAllocation,0x558a83989a30,1327,4
SlotAllocation,0x558a8391dfd0,1328,4
SlotAllocation,0x558a839542a0,1328,4
SlotAllocation,0x558a83989a30,1328,4
SlotAllocation,0x558a8391dfd0,1329,1
SlotAllocation,0x558a839542a0,1329,0
SlotAllocation,0x558a83989a30,1329,1
SlotAllocation,0x558a8391dfd0,1330,4
SlotAllocation,0x558a839542a0,1330,4
SlotAllocation,0x558a83989a30,1330,4
SlotAllocation,0x558a8391dfd0,1331,0
SlotAllocation,0x558a839542a0,1331,2
SlotAllocation,0x558a83989a30,1331,0
SlotAllocation,0x558a8391dfd0,1332,4
SlotAllocation,0x558a839542a0,1332,4
SlotAllocation,0x558a83989a30,1332,4
SlotAllocation,0x558a8391dfd0,1333,4
SlotAllocation,0x558a839542a0,1333,1
SlotAllocation,0x558a83989a30,1333,1
SlotAllocation,0x558a8391dfd0,1334,1
SlotAllocation,0x558a839542a0,1334,4
SlotAllocation,0x558a83989a30,1334,4
SlotAllocation,0x558a8391dfd0,1335,4
SlotAllocation,0x558a839542a0,1335,0
SlotAllocation,0x558a83989a30,1335,4
SlotAllocation,0x558a8391dfd0,1336,1
SlotAllocation,0x558a839542a0,1336,4
SlotAllocation,0x558a83989a30,1336,0
SlotAllocation,0x558a8391dfd0,1337,4
SlotAllocation,0x558a839542a0,1337,0
SlotAllocation,0x558a83989a30,1337,4
SlotAllocation,0x558a8391dfd0,1338,0
SlotAllocation,0x558a839542a0,1338,4
SlotAllocation,0x558a83989a30,1338,1
SlotAllocation,0x558a8391dfd0,1339,4
SlotAllocation,0x558a839542a0,1339,4
SlotAllocation,0x558a83989a30,1339,4
SlotAllocation,0x558a8391dfd0,1340,0
SlotAllocation,0x558a839542a0,1340,1
SlotAllocation,0x558a83989a30,1340,0
SlotAllocation,0x558a8391dfd0,1341,4
SlotAllocation,0x558a839542a0,1341,4
SlotAllocation,0x558a83989a30,1341,4
SlotAllocation,0x558a8391dfd0,1342,4
SlotAllocation,0x558a839542a0,1342,0
SlotAllocation,0x558a83989a30,1342,4
SlotAllocation,0x558a8391dfd0,1343,2
SlotAllocation,0x558a839542a0,1343,4
SlotAllocation,0x558a83989a30,1343,4
SlotAllocation,0x558a8391dfd0,1344,4
SlotAllocation,0x558a839542a0,1344,4
SlotAllocation,0x558a83989a30,1344,4
SlotAllocation,0x558a8391dfd0,1345,4
SlotAllocation,0x558a839542a0,1345,4
SlotAllocation,0x558a83989a30,1345,4
SlotAllocation,0x558a8391dfd0,1346,1
SlotAllocation,0x558a839542a0,1346,1
SlotAllocation,0x558a83989a30,1346,0
SlotAllocation,0x558a8391dfd0,1347,4
SlotAllocation,0x558a839542a0,1347,4
SlotAllocation,0x558a83989a30,1347,4
SlotAllocation,0x558a8391dfd0,1348,0
SlotAllocation,0x558a839542a0,1348,0
SlotAllocation,0x558a83989a30,1348,2
SlotAllocation,0x558a8391dfd0,1349,4
SlotAllocation,0x558a839542a0,1349,4
SlotAllocation,0x558a83989a30,1349,4
SlotAllocation,0x558a8391dfd0,1350,4
SlotAllocation,0x558a839542a0,1350,1
SlotAllocation,0x558a83989a30,1350,1
SlotAllocation,0x558a8391dfd0,1351,4
SlotAllocation,0x558a839542a0,1351,4
SlotAllocation,0x558a83989a30,1351,4
SlotAllocation,0x558a8391dfd0,1352,4
SlotAllocation,0x558a839542a0,1352,0
SlotAllocation,0x558a83989a30,1352,4
SlotAllocation,0x558a8391dfd0,1353,0
SlotAllocation,0x558a839542a0,1353,4
SlotAllocation,0x558a83989a30,1353,0
SlotAllocation,0x558a8391dfd0,1354,4
SlotAllocation,0x558a839542a0,1354,4
SlotAllocation,0x558a83989a30,1354,4
SlotAllocation,0x558a8391dfd0,1355,0
SlotAllocation,0x558a839542a0,1355,2
SlotAllocation,0x558a83989a30,1355,1
SlotAllocation,0x558a8391dfd0,1356,4
SlotAllocation,0x558a839542a0,1356,4
SlotAllocation,0x558a83989a30,1356,4
SlotAllocation,0x558a8391dfd0,1357,4
SlotAllocation,0x558a839542a0,1357,0
SlotAllocation,0x558a83989a30,1357,4
SlotAllocation,0x558a8391dfd0,1358,2
SlotAllocation,0x558a839542a0,1358,4
SlotAllocation,0x558a83989a30,1358,4
SlotAllocation,0x558a8391dfd0,1359,4
SlotAllocation,0x558a839542a0,1359,1
SlotAllocation,0x558a83989a30,1359,4
SlotAllocation,0x558a8391dfd0,1360,0
SlotAllocation,0x558a839542a0,1360,4
SlotAllocation,0x558a83989a30,1360,2
SlotAllocation,0x558a8391dfd0,1361,4
SlotAllocation,0x558a839542a0,1361,0
SlotAllocation,0x558a83989a30,1361,4
SlotAllocation,0x558a8391dfd0,1362,0
SlotAllocation,0x558a839542a0,1362,4
SlotAllocation,0x558a83989a30,1362,0
SlotAllocation,0x558a8391dfd0,1363,4
SlotAllocation,0x558a839542a0,1363,4
SlotAllocation,0x558a83989a30,1363,4
SlotAllocation,0x558a8391dfd0,1364,0
SlotAllocation,0x558a839542a0,1364,1
SlotAllocation,0x558a83989a30,1364,1
SlotAllocation,0x558a8391dfd0,1365,4
SlotAllocation,0x558a839542a0,1365,4
SlotAllocation,0x558a83989a30,1365,4
SlotAllocation,0x558a8391dfd0,1366,4
SlotAllocation,0x558a839542a0,1366,0
SlotAllocation,0x558a83989a30,1366,0
SlotAllocation,0x558a8391dfd0,1367,1
SlotAllocation,0x558a839542a0,1367,4
SlotAllocation,0x558a83989a30,1367,4
SlotAllocation,0x558a8391dfd0,1368,4
SlotAllocation,0x558a839542a0,1368,1
SlotAllocation,0x558a83989a30,1368,4
SlotAllocation,0x558a8391dfd0,1369,2
SlotAllocation,0x558a839542a0,1369,4
SlotAllocation,0x558a83989a30,1369,1
SlotAllocation,0x558a8391dfd0,1370,4
SlotAllocation,0x558a839542a0,1370,0
SlotAllocation,0x558a83989a30,1370,4
SlotAllocation,0x558a8391dfd0,1371,1
SlotAllocation,0x558a839542a0,1371,4
SlotAllocation,0x558a83989a30,1371,0
SlotAllocation,0x558a8391dfd0,1372,4
SlotAllocation,0x558a839542a0,1372,0
SlotAllocation,0x558a83989a30,1372,4
SlotAllocation,0x558a8391dfd0,1373,4
SlotAllocation,0x558a839542a0,1373,4
SlotAllocation,0x558a83989a30,1373,4
SlotAllocation,0x558a8391dfd0,1374,4
SlotAllocation,0x558a839542a0,1374,0
SlotAllocation,0x558a83989a30,1374,2
SlotAllocation,0x558a8391dfd0,1375,4
SlotAllocation,0x558a839542a0,1375,4
SlotAllocation,0x558a83989a30,1375,4
SlotAllocation,0x558a8391dfd0,1376,0
SlotAllocation,0x558a839542a0,1376,1
SlotAllocation,0x558a83989a30,1376,1
SlotAllocation,0x558a8391dfd0,1377,4
SlotAllocation,0x558a839542a0,1377,4
SlotAllocation,0x558a83989a30,1377,4
SlotAllocation,0x558a8391dfd0,1378,0
SlotAllocation,0x558a839542a0,1378,0
SlotAllocation,0x558a83989a30,1378,0
SlotAllocation,0x558a8391dfd0,1379,4
SlotAllocation,0x558a839542a0,1379,4
SlotAllocation,0x558a83989a30,1379,4
SlotAllocation,0x558a8391dfd0,1380,4
SlotAllocation,0x558a839542a0,1380,1
SlotAllocation,0x558a83989a30,1380,4
SlotAllocation,0x558a8391dfd0,1381,1
SlotAllocation,0x558a839542a0,1381,4
SlotAllocation,0x558a83989a30,1381,4
SlotAllocation,0x558a8391dfd0,1382,4
SlotAllocation,0x558a839542a0,1382,1
SlotAllocation,0x558a83989a30,1382,4
SlotAllocation,0x558a8391dfd0,1383,0
SlotAllocation,0x558a839542a0,1383,4
SlotAllocation,0x558a83989a30,1383,2
SlotAllocation,0x558a8391dfd0,1384,4
SlotAllocation,0x558a839542a0,1384,0
SlotAllocation,0x558a83989a30,1384,4
SlotAllocation,0x558a8391dfd0,1385,4
SlotAllocation,0x558a839542a0,1385,4
SlotAllocation,0x558a83989a30,1385,1
SlotAllocation,0x558a8391dfd0,1386,4
SlotAllocation,0x558a839542a0,1386,0
SlotAllocation,0x558a83989a30,1386,4
SlotAllocation,0x558a8391dfd0,1387,4
SlotAllocation,0x558a839542a0,1387,4
SlotAllocation,0x558a83989a30,1387,0
SlotAllocation,0x558a8391dfd0,1388,0
SlotAllocation,0x558a839542a0,1388,1
SlotAllocation,0x558a83989a30,1388,4
SlotAllocation,0x558a8391dfd0,1389,4
SlotAllocation,0x558a839542a0,1389,4
SlotAllocation,0x558a83989a30,1389,2
SlotAllocation,0x558a8391dfd0,1390,2
SlotAllocation,0x558a839542a0,1390,2
SlotAllocation,0x558a83989a30,1390,4
SlotAllocation,0x558a8391dfd0,1391,4
SlotAllocation,0x558a839542a0,1391,4
SlotAllocation,0x558a83989a30,1391,4
SlotAllocation,0x558a8391dfd0,1392,4
SlotAllocation,0x558a839542a0,1392,0
SlotAllocation,0x558a83989a30,1392,4
SlotAllocation,0x558a8391dfd0,1393,1
SlotAllocation,0x558a839542a0,1393,4
SlotAllocation,0x558a83989a30,1393,4
SlotAllocation,0x558a8391dfd0,1394,4
SlotAllocation,0x558a839542a0,1394,0
SlotAllocation,0x558a83989a30,1394,0
SlotAllocation,0x558a8391dfd0,1395,0
SlotAllocation,0x558a839542a0,1395,4
SlotAllocation,0x558a83989a30,1395,4
SlotAllocation,0x558a8391dfd0,1396,4
SlotAllocation,0x558a839542a0,1396,1
SlotAllocation,0x558a83989a30,1396,0
SlotAllocation,0x558a8391dfd0,1397,1
SlotAllocation,0x558a839542a0,1397,4
SlotAllocation,0x558a83989a30,1397,4
SlotAllocation,0x558a8391dfd0,1398,4
SlotAllocation,0x558a839542a0,1398,4
SlotAllocation,0x558a83989a30,1398,0
SlotAllocation,0x558a8391dfd0,1399,4
SlotAllocation,0x558a839542a0,1399,0
SlotAllocation,0x558a83989a30,1399,4
SlotAllocation,0x558a8391dfd0,1400,0
SlotAllocation,0x558a839542a0,1400,4
SlotAllocation,0x558a83989a30,1400,4
SlotAllocation,0x558a8391dfd0,1401,4
SlotAllocation,0x558a839542a0,1401,0
SlotAllocation,0x558a83989a30,1401,4
SlotAllocation,0x558a8391dfd0,1402,0
SlotAllocation,0x558a839542a0,1402,4
SlotAllocation,0x558a83989a30,1402,4
SlotAllocation,0x558a8391dfd0,1403,4
SlotAllocation,0x558a839542a0,1403,0
SlotAllocation,0x558a83989a30,1403,0
SlotAllocation,0x558a8391dfd0,1404,1
SlotAllocation,0x558a839542a0,1404,4
SlotAllocation,0x558a83989a30,1404,4
SlotAllocation,0x558a8391dfd0,1405,4
SlotAllocation,0x558a839542a0,1405,2
SlotAllocation,0x558a83989a30,1405,0
SlotAllocation,0x558a8391dfd0,1406,4
SlotAllocation,0x558a839542a0,1406,4
SlotAllocation,0x558a83989a30,1406,4
SlotAllocation,0x558a8391dfd0,1407,2
SlotAllocation,0x558a839542a0,1407,1
SlotAllocation,0x558a83989a30,1407,0
SlotAllocation,0x558a8391dfd0,1408,4
SlotAllocation,0x558a839542a0,1408,4
SlotAllocation,0x558a83989a30,1408,4
SlotAllocation,0x558a8391dfd0,1409,1
SlotAllocation,0x558a839542a0,1409,0
SlotAllocation,0x558a83989a30,1409,1
SlotAllocation,0x558a8391dfd0,1410,4
SlotAllocation,0x558a839542a0,1410,4
SlotAllocation,0x558a83989a30,1410,4
SlotAllocation,0x558a8391dfd0,1411,4
SlotAllocation,0x558a839542a0,1411,4
SlotAllocation,0x558a83989a30,1411,4
SlotAllocation,0x558a8391dfd0,1412,0
SlotAllocation,0x558a839542a0,1412,4
SlotAllocation,0x558a83989a30,1412,0
SlotAllocation,0x558a8391dfd0,1413,4
SlotAllocation,0x558a839542a0,1413,4
SlotAllocation,0x558a83989a30,1413,4
SlotAllocation,0x558a8391dfd0,1414,4
SlotAllocation,0x558a839542a0,1414,4
SlotAllocation,0x558a83989a30,1414,1
SlotAllocation,0x558a8391dfd0,1415,4
SlotAllocation,0x558a839542a0,1415,1
SlotAllocation,0x558a83989a30,1415,4
SlotAllocation,0x558a8391dfd0,1416,4
SlotAllocation,0x558a839542a0,1416,4
SlotAllocation,0x558a83989a30,1416,0
SlotAllocation,0x558a8391dfd0,1417,1
SlotAllocation,0x558a839542a0,1417,1
SlotAllocation,0x558a83989a30,1417,4
SlotAllocation,0x558a8391dfd0,1418,4
SlotAllocation,0x558a839542a0,1418,4
SlotAllocation,0x558a83989a30,1418,4
SlotAllocation,0x558a8391dfd0,1419,0
SlotAllocation,0x558a839542a0,1419,0
SlotAllocation,0x558a83989a30,1419,0
SlotAllocation,0x558a8391dfd0,1420,4
SlotAllocation,0x558a839542a0,1420,4
SlotAllocation,0x558a83989a30,1420,4
SlotAllocation,0x558a8391dfd0,1421,0
SlotAllocation,0x558a839542a0,1421,0
SlotAllocation,0x558a83989a30,1421,0
SlotAllocation,0x558a8391dfd0,1422,4
SlotAllocation,0x558a839542a0,1422,4
SlotAllocation,0x558a83989a30,1422,4
SlotAllocation,0x558a8391dfd0,1423,1
SlotAllocation,0x558a839542a0,1423,0
SlotAllocation,0x558a83989a30,1423,4
SlotAllocation,0x558a8391dfd0,1424,4
SlotAllocation,0x558a839542a0,1424,4
SlotAllocation,0x558a83989a30,1424,1
SlotAllocation,0x558a8391dfd0,1425,4
SlotAllocation,0x558a839542a0,1425,0
SlotAllocation,0x558a83989a30,1425,4
SlotAllocation,0x558a8391dfd0,1426,0
SlotAllocation,0x558a839542a0,1426,4
SlotAllocation,0x558a83989a30,1426,1
SlotAllocation,0x558a8391dfd0,1427,4
SlotAllocation,0x558a839542a0,1427,0
SlotAllocation,0x558a83989a30,1427,4
SlotAllocation,0x558a8391dfd0,1428,1
SlotAllocation,0x558a839542a0,1428,4
SlotAllocation,0x558a83989a30,1428,2
SlotAllocation,0x558a8391dfd0,1429,4
SlotAllocation,0x558a839542a0,1429,0
SlotAllocation,0x558a83989a30,1429,4
SlotAllocation,0x558a8391dfd0,1430,0
SlotAllocation,0x558a839542a0,1430,4
SlotAllocation,0x558a83989a30,1430,0
SlotAllocation,0x558a8391dfd0,1431,4
SlotAllocation,0x558a839542a0,1431,0
SlotAllocation,0x558a83989a30,1431,4
SlotAllocation,0x558a8391dfd0,1432,0
SlotAllocation,0x558a839542a0,1432,4
SlotAllocation,0x558a83989a30,1432,0
SlotAllocation,0x558a8391dfd0,1433,4
SlotAllocation,0x558a839542a0,1433,2
SlotAllocation,0x558a83989a30,1433,4
SlotAllocation,0x558a8391dfd0,1434,0
SlotAllocation,0x558a839542a0,1434,4
SlotAllocation,0x558a83989a30,1434,4
SlotAllocation,0x558a8391dfd0,1435,4
SlotAllocation,0x558a839542a0,1435,1
SlotAllocation,0x558a83989a30,1435,4
SlotAllocation,0x558a8391dfd0,1436,4
SlotAllocation,0x558a839542a0,1436,4
SlotAllocation,0x558a83989a30,1436,4
SlotAllocation,0x558a8391dfd0,1437,0
SlotAllocation,0x558a839542a0,1437,0
SlotAllocation,0x558a83989a30,1437,2
SlotAllocation,0x558a8391dfd0,1438,4
SlotAllocation,0x558a839542a0,1438,4
SlotAllocation,0x558a83989a30,1438,4
SlotAllocation,0x558a8391dfd0,1439,2
SlotAllocation,0x558a839542a0,1439,4
SlotAllocation,0x558a83989a30,1439,0
SlotAllocation,0x558a8391dfd0,1440,4
SlotAllocation,0x558a839542a0,1440,4
SlotAllocation,0x558a83989a30,1440,4
SlotAllocation,0x558a8391dfd0,1441,4
SlotAllocation,0x558a839542a0,1441,4
SlotAllocation,0x558a83989a30,1441,2
SlotAllocation,0x558a8391dfd0,1442,4
SlotAllocation,0x558a839542a0,1442,4
SlotAllocation,0x558a83989a30,1442,4
SlotAllocation,0x558a8391dfd0,1443,4
SlotAllocation,0x558a839542a0,1443,2
SlotAllocation,0x558a83989a30,1443,1
SlotAllocation,0x558a8391dfd0,1444,0
SlotAllocation,0x558a839542a0,1444,4
SlotAllocation,0x558a83989a30,1444,4
SlotAllocation,0x558a8391dfd0,1445,4
SlotAllocation,0x558a839542a0,1445,0
SlotAllocation,0x558a83989a30,1445,4
SlotAllocation,0x558a8391dfd0,1446,0
SlotAllocation,0x558a839542a0,1446,4
SlotAllocation,0x558a83989a30,1446,4
SlotAllocation,0x558a8391dfd0,1447,4
SlotAllocation,0x558a839542a0,1447,0
SlotAllocation,0x558a83989a30,1447,4
SlotAllocation,0x558a8391dfd0,1448,0
SlotAllocation,0x558a839542a0,1448,4
SlotAllocation,0x558a83989a30,1448,0
SlotAllocation,0x558a8391dfd0,1449,4
SlotAllocation,0x558a839542a0,1449,1
SlotAllocation,0x558a83989a30,1449,4
SlotAllocation,0x558a8391dfd0,1450,4
SlotAllocation,0x558a839542a0,1450,4
SlotAllocation,0x558a83989a30,1450,0
SlotAllocation,0x558a8391dfd0,1451,0
SlotAllocation,0x558a839542a0,1451,4
SlotAllocation,0x558a83989a30,1451,4
SlotAllocation,0x558a8391dfd0,1452,4
SlotAllocation,0x558a839542a0,1452,1
SlotAllocation,0x558a83989a30,1452,4
SlotAllocation,0x558a8391dfd0,1453,1
SlotAllocation,0x558a839542a0,1453,4
SlotAllocation,0x558a83989a30,1453,4
SlotAllocation,0x558a8391dfd0,1454,4
SlotAllocation,0x558a839542a0,1454,2
SlotAllocation,0x558a83989a30,1454,4
SlotAllocation,0x558a8391dfd0,1455,0
SlotAllocation,0x558a839542a0,1455,4
SlotAllocation,0x558a83989a30,1455,0
SlotAllocation,0x558a8391dfd0,1456,4
SlotAllocation,0x558a839542a0,1456,0
SlotAllocation,0x558a83989a30,1456,4
SlotAllocation,0x558a8391dfd0,1457,0
SlotAllocation,0x558a839542a0,1457,4
SlotAllocation,0x558a83989a30,1457,4
SlotAllocation,0x558a8391dfd0,1458,4
SlotAllocation,0x558a839542a0,1458,1
SlotAllocation,0x558a83989a30,1458,4
SlotAllocation,0x558a8391dfd0,1459,1
SlotAllocation,0x558a839542a0,1459,4
SlotAllocation,0x558a83989a30,1459,0
SlotAllocation,0x558a8391dfd0,1460,4
SlotAllocation,0x558a839542a0,1460,0
SlotAllocation,0x558a83989a30,1460,4
SlotAllocation,0x558a8391dfd0,1461,4
SlotAllocation,0x558a839542a0,1461,4
SlotAllocation,0x558a83989a30,1461,1
SlotAllocation,0x558a8391dfd0,1462,2
SlotAllocation,0x558a839542a0,1462,4
SlotAllocation,0x558a83989a30,1462,4
SlotAllocation,0x558a8391dfd0,1463,4
SlotAllocation,0x558a839542a0,1463,1
SlotAllocation,0x558a83989a30,1463,0
SlotAllocation,0x558a8391dfd0,1464,1
SlotAllocation,0x558a839542a0,1464,4
SlotAllocation,0x558a83989a30,1464,4
SlotAllocation,0x558a8391dfd0,1465,4
SlotAllocation,0x558a839542a0,1465,1
SlotAllocation,0x558a83989a30,1465,0
SlotAllocation,0x558a8391dfd0,1466,0
SlotAllocation,0x558a839542a0,1466,4
SlotAllocation,0x558a83989a30,1466,4
SlotAllocation,0x558a8391dfd0,1467,4
SlotAllocation,0x558a839542a0,1467,0
SlotAllocation,0x558a83989a30,1467,1
SlotAllocation,0x558a8391dfd0,1468,4
SlotAllocation,0x558a839542a0,1468,4
SlotAllocation,0x558a83989a30,1468,4
SlotAllocation,0x558a8391dfd0,1469,4
SlotAllocation,0x558a839542a0,1469,0
SlotAllocation,0x558a83989a30,1469,4
SlotAllocation,0x558a8391dfd0,1470,4
SlotAllocation,0x558a839542a0,1470,4
SlotAllocation,0x558a83989a30,1470,0
SlotAllocation,0x558a8391dfd0,1471,0
SlotAllocation,0x558a839542a0,1471,1
SlotAllocation,0x558a83989a30,1471,4
SlotAllocation,0x558a8391dfd0,1472,4
SlotAllocation,0x558a839542a0,1472,4
SlotAllocation,0x558a83989a30,1472,0
SlotAllocation,0x558a8391dfd0,1473,0
SlotAllocation,0x558a839542a0,1473,0
SlotAllocation,0x558a83989a30,1473,4
SlotAllocation,0x558a8391dfd0,1474,4
SlotAllocation,0x558a839542a0,1474,4
SlotAllocation,0x558a83989a30,1474,4
SlotAllocation,0x558a8391dfd0,1475,0
SlotAllocation,0x558a839542a0,1475,1
SlotAllocation,0x558a83989a30,1475,0
SlotAllocation,0x558a8391dfd0,1476,4
SlotAllocation,0x558a839542a0,1476,4
SlotAllocation,0x558a83989a30,1476,4
SlotAllocation,0x558a8391dfd0,1477,4
SlotAllocation,0x558a839542a0,1477,0
SlotAllocation,0x558a83989a30,1477,0
SlotAllocation,0x558a8391dfd0,1478,1
SlotAllocation,0x558a839542a0,1478,4
SlotAllocation,0x558a83989a30,1478,4
SlotAllocation,0x558a8391dfd0,1479,4
SlotAllocation,0x558a839542a0,1479,1
SlotAllocation,0x558a83989a30,1479,0
SlotAllocation,0x558a8391dfd0,1480,0
SlotAllocation,0x558a839542a0,1480,4
SlotAllocation,0x558a83989a30,1480,4
SlotAllocation,0x558a8391dfd0,1481,4
SlotAllocation,0x558a839542a0,1481,0
SlotAllocation,0x558a83989a30,1481,1
SlotAllocation,0x558a8391dfd0,1482,1
SlotAllocation,0x558a839542a0,1482,4
SlotAllocation,0x558a83989a30,1482,4
SlotAllocation,0x558a8391dfd0,1483,4
SlotAllocation,0x558a839542a0,1483,2
SlotAllocation,0x558a83989a30,1483,0
SlotAllocation,0x558a8391dfd0,1484,0
SlotAllocation,0x558a839542a0,1484,4
SlotAllocation,0x558a83989a30,1484,4
SlotAllocation,0x558a8391dfd0,1485,4
SlotAllocation,0x558a839542a0,1485,0
SlotAllocation,0x558a83989a30,1485,2
SlotAllocation,0x558a8391dfd0,1486,4
SlotAllocation,0x558a839542a0,1486,4
SlotAllocation,0x558a83989a30,1486,4
SlotAllocation,0x558a8391dfd0,1487,2
SlotAllocation,0x558a839542a0,1487,0
SlotAllocation,0x558a83989a30,1487,1
SlotAllocation,0x558a8391dfd0,1488,4
SlotAllocation,0x558a839542a0,1488,4
SlotAllocation,0x558a83989a30,1488,4
SlotAllocation,0x558a8391dfd0,1489,0
SlotAllocation,0x558a839542a0,1489,4
SlotAllocation,0x558a83989a30,1489,4
SlotAllocation,0x558a8391dfd0,1490,4
SlotAllocation,0x558a839542a0,1490,4
SlotAllocation,0x558a83989a30,1490,0
SlotAllocation,0x558a8391dfd0,1491,1
SlotAllocation,0x558a839542a0,1491,4
SlotAllocation,0x558a83989a30,1491,4
SlotAllocation,0x558a8391dfd0,1492,4
SlotAllocation,0x558a839542a0,1492,2
SlotAllocation,0x558a83989a30,1492,0
SlotAllocation,0x558a8391dfd0,1493,0
SlotAllocation,0x558a839542a0,1493,4
SlotAllocation,0x558a83989a30,1493,4
SlotAllocation,0x558a8391dfd0,1494,4
SlotAllocation,0x558a839542a0,1494,1
SlotAllocation,0x558a83989a30,1494,4
SlotAllocation,0x558a8391dfd0,1495,4
SlotAllocation,0x558a839542a0,1495,4
SlotAllocation,0x558a83989a30,1495,0
SlotAllocation,0x558a8391dfd0,1496,1
SlotAllocation,0x558a839542a0,1496,0
SlotAllocation,0x558a83989a30,1496,4
SlotAllocation,0x558a8391dfd0,1497,4
SlotAllocation,0x558a839542a0,1497,4
SlotAllocation,0x558a83989a30,1497,0
SlotAllocation,0x558a8391dfd0,1498,0
SlotAllocation,0x558a839542a0,1498,4
SlotAllocation,0x558a83989a30,1498,4
SlotAllocation,0x558a8391dfd0,1499,4
SlotAllocation,0x558a839542a0,1499,4
SlotAllocation,0x558a83989a30,1499,1
SlotAllocation,0x558a8391dfd0,1500,4
SlotAllocation,0x558a839542a0,1500,4
SlotAllocation,0x558a83989a30,1500,4
SlotAllocation,0x558a8391dfd0,1501,1
SlotAllocation,0x558a839542a0,1501,1
SlotAllocation,0x558a83989a30,1501,0
SlotAllocation,0x558a8391dfd0,1502,4
SlotAllocation,0x558a839542a0,1502,4
SlotAllocation,0x558a83989a30,1502,4
SlotAllocation,0x558a8391dfd0,1503,0
SlotAllocation,0x558a839542a0,1503,0
SlotAllocation,0x558a83989a30,1503,4
SlotAllocation,0x558a8391dfd0,1504,4
SlotAllocation,0x558a839542a0,1504,4
SlotAllocation,0x558a83989a30,1504,0
SlotAllocation,0x558a8391dfd0,1505,0
SlotAllocation,0x558a839542a0,1505,1
SlotAllocation,0x558a83989a30,1505,4
SlotAllocation,0x558a8391dfd0,1506,4
SlotAllocation,0x558a839542a0,1506,4
SlotAllocation,0x558a83989a30,1506,2
SlotAllocation,0x558a8391dfd0,1507,4
SlotAllocation,0x558a839542a0,1507,0
SlotAllocation,0x558a83989a30,1507,4
SlotAllocation,0x558a8391dfd0,1508,1
SlotAllocation,0x558a839542a0,1508,4
SlotAllocation,0x558a83989a30,1508,4
SlotAllocation,0x558a8391dfd0,1509,4
SlotAllocation,0x558a839542a0,1509,1
SlotAllocation,0x558a83989a30,1509,0
SlotAllocation,0x558a8391dfd0,1510,0
SlotAllocation,0x558a839542a0,1510,4
SlotAllocation,0x558a83989a30,1510,4
SlotAllocation,0x558a8391dfd0,1511,4
SlotAllocation,0x558a839542a0,1511,0
SlotAllocation,0x558a83989a30,1511,0
SlotAllocation,0x558a8391dfd0,1512,1
SlotAllocation,0x558a839542a0,1512,4
SlotAllocation,0x558a83989a30,1512,4
SlotAllocation,0x558a8391dfd0,1513,4
SlotAllocation,0x558a839542a0,1513,0
SlotAllocation,0x558a83989a30,1513,4
SlotAllocation,0x558a8391dfd0,1514,4
SlotAllocation,0x558a839542a0,1514,4
SlotAllocation,0x558a83989a30,1514,4
SlotAllocation,0x558a8391dfd0,1515,4
SlotAllocation,0x558a839542a0,1515,0
SlotAllocation,0x558a83989a30,1515,4
SlotAllocation,0x558a8391dfd0,1516,4
SlotAllocation,0x558a839542a0,1516,4
SlotAllocation,0x558a83989a30,1516,4
SlotAllocation,0x558a8391dfd0,1517,4
SlotAllocation,0x558a839542a0,1517,1
SlotAllocation,0x558a83989a30,1517,4
SlotAllocation,0x558a8391dfd0,1518,4
SlotAllocation,0x558a839542a0,1518,4
SlotAllocation,0x558a83989a30,1518,4
SlotAllocation,0x558a8391dfd0,1519,0
SlotAllocation,0x558a839542a0,1519,0
SlotAllocation,0x558a83989a30,1519,0
SlotAllocation,0x558a8391dfd0,1520,4
SlotAllocation,0x558a839542a0,1520,4
SlotAllocation,0x558a83989a30,1520,4
SlotAllocation,0x558a8391dfd0,1521,1
SlotAllocation,0x558a839542a0,1521,2
SlotAllocation,0x558a83989a30,1521,2
SlotAllocation,0x558a8391dfd0,1522,4
SlotAllocation,0x558a839542a0,1522,4
SlotAllocation,0x558a83989a30,1522,4
SlotAllocation,0x558a8391dfd0,1523,2
SlotAllocation,0x558a839542a0,1523,1
SlotAllocation,0x558a83989a30,1523,1
SlotAllocation,0x558a8391dfd0,1524,4
SlotAllocation,0x558a839542a0,1524,4
SlotAllocation,0x558a83989a30,1524,4
SlotAllocation,0x558a8391dfd0,1525,0
SlotAllocation,0x558a839542a0,1525,0
SlotAllocation,0x558a83989a30,1525,0
SlotAllocation,0x558a8391dfd0,1526,4
SlotAllocation,0x558a839542a0,1526,4
SlotAllocation,0x558a83989a30,1526,4
SlotAllocation,0x558a8391dfd0,1527,1
SlotAllocation,0x558a839542a0,1527,1
SlotAllocation,0x558a83989a30,1527,0
SlotAllocation,0x558a8391dfd0,1528,4
SlotAllocation,0x558a839542a0,1528,4
SlotAllocation,0x558a83989a30,1528,4
SlotAllocation,0x558a8391dfd0,1529,2
SlotAllocation,0x558a839542a0,1529,4
SlotAllocation,0x558a83989a30,1529,4
SlotAllocation,0x558a8391dfd0,1530,4
SlotAllocation,0x558a839542a0,1530,0
SlotAllocation,0x558a83989a30,1530,4
SlotAllocation,0x558a8391dfd0,1531,4
SlotAllocation,0x558a839542a0,1531,4
SlotAllocation,0x558a83989a30,1531,4
SlotAllocation,0x558a8391dfd0,1532,0
SlotAllocation,0x558a839542a0,1532,1
SlotAllocation,0x558a83989a30,1532,1
SlotAllocation,0x558a8391dfd0,1533,4
SlotAllocation,0x558a839542a0,1533,4
SlotAllocation,0x558a83989a30,1533,4
SlotAllocation,0x558a8391dfd0,1534,0
SlotAllocation,0x558a839542a0,1534,0
SlotAllocation,0x558a83989a30,1534,0
SlotAllocation,0x558a8391dfd0,1535,4
SlotAllocation,0x558a839542a0,1535,4
SlotAllocation,0x558a83989a30,1535,4
SlotAllocation,0x558a8391dfd0,1536,4
SlotAllocation,0x558a839542a0,1536,1
SlotAllocation,0x558a83989a30,1536,1
SlotAllocation,0x558a8391dfd0,1537,4
SlotAllocation,0x558a839542a0,1537,4
SlotAllocation,0x558a83989a30,1537,4
SlotAllocation,0x558a8391dfd0,1538,4
SlotAllocation,0x558a839542a0,1538,0
SlotAllocation,0x558a83989a30,1538,4
SlotAllocation,0x558a8391dfd0,1539,1
SlotAllocation,0x558a839542a0,1539,4
SlotAllocation,0x558a83989a30,1539,1
SlotAllocation,0x558a8391dfd0,1540,4
SlotAllocation,0x558a839542a0,1540,1
SlotAllocation,0x558a83989a30,1540,4
SlotAllocation,0x558a8391dfd0,1541,0
SlotAllocation,0x558a839542a0,1541,4
SlotAllocation,0x558a83989a30,1541,2
SlotAllocation,0x558a8391dfd0,1542,4
SlotAllocation,0x558a839542a0,1542,0
SlotAllocation,0x558a83989a30,1542,4
SlotAllocation,0x558a8391dfd0,1543,4
SlotAllocation,0x558a839542a0,1543,4
SlotAllocation,0x558a83989a30,1543,0
SlotAllocation,0x558a8391dfd0,1544,1
SlotAllocation,0x558a839542a0,1544,2
SlotAllocation,0x558a83989a30,1544,4
SlotAllocation,0x558a8391dfd0,1545,4
SlotAllocation,0x558a839542a0,1545,4
SlotAllocation,0x558a83989a30,1545,1
SlotAllocation,0x558a8391dfd0,1546,2
SlotAllocation,0x558a839542a0,1546,1
SlotAllocation,0x558a83989a30,1546,4
SlotAllocation,0x558a8391dfd0,1547,4
SlotAllocation,0x558a839542a0,1547,4
SlotAllocation,0x558a83989a30,1547,4
SlotAllocation,0x558a8391dfd0,1548,4
SlotAllocation,0x558a839542a0,1548,0
SlotAllocation,0x558a83989a30,1548,4
SlotAllocation,0x558a8391dfd0,1549,0
SlotAllocation,0x558a839542a0,1549,4
SlotAllocation,0x558a83989a30,1549,4
SlotAllocation,0x558a8391dfd0,1550,4
SlotAllocation,0x558a839542a0,1550,1
SlotAllocation,0x558a83989a30,1550,0
SlotAllocation,0x558a8391dfd0,1551,0
SlotAllocation,0x558a839542a0,1551,4
SlotAllocation,0x558a83989a30,1551,4
SlotAllocation,0x558a8391dfd0,1552,4
SlotAllocation,0x558a839542a0,1552,4
SlotAllocation,0x558a83989a30,1552,1
SlotAllocation,0x558a8391dfd0,1553,4
SlotAllocation,0x558a839542a0,1553,0
SlotAllocation,0x558a83989a30,1553,4
SlotAllocation,0x558a8391dfd0,1554,4
SlotAllocation,0x558a839542a0,1554,4
SlotAllocation,0x558a83989a30,1554,4
SlotAllocation,0x558a8391dfd0,1555,4
SlotAllocation,0x558a839542a0,1555,4
SlotAllocation,0x558a83989a30,1555,4
SlotAllocation,0x558a8391dfd0,1556,4
SlotAllocation,0x558a839542a0,1556,4
SlotAllocation,0x558a83989a30,1556,4
SlotAllocation,0x558a8391dfd0,1557,4
SlotAllocation,0x558a839542a0,1557,4
SlotAllocation,0x558a83989a30,1557,4
SlotAllocation,0x558a8391dfd0,1558,0
SlotAllocation,0x558a839542a0,1558,2
SlotAllocation,0x558a83989a30,1558,0
SlotAllocation,0x558a8391dfd0,1559,4
SlotAllocation,0x558a839542a0,1559,4
SlotAllocation,0x558a83989a30,1559,4
SlotAllocation,0x558a8391dfd0,1560,1
SlotAllocation,0x558a839542a0,1560,0
SlotAllocation,0x558a83989a30,1560,0
SlotAllocation,0x558a8391dfd0,1561,4
SlotAllocation,0x558a839542a0,1561,4
SlotAllocation,0x558a83989a30,1561,4
SlotAllocation,0x558a8391dfd0,1562,0
SlotAllocation,0x558a839542a0,1562,0
SlotAllocation,0x558a83989a30,1562,0
SlotAllocation,0x558a8391dfd0,1563,4
SlotAllocation,0x558a839542a0,1563,4
SlotAllocation,0x558a83989a30,1563,4
SlotAllocation,0x558a8391dfd0,1564,0
SlotAllocation,0x558a839542a0,1564,4
SlotAllocation,0x558a83989a30,1564,1
SlotAllocation,0x558a8391dfd0,1565,4
SlotAllocation,0x558a839542a0,1565,4
SlotAllocation,0x558a83989a30,1565,4
SlotAllocation,0x558a8391dfd0,1566,4
SlotAllocation,0x558a839542a0,1566,4
SlotAllocation,0x558a83989a30,1566,4
SlotAllocation,0x558a8391dfd0,1567,4
SlotAllocation,0x558a839542a0,1567,4
SlotAllocation,0x558a83989a30,1567,0
SlotAllocation,0x558a8391dfd0,1568,4
SlotAllocation,0x558a839542a0,1568,0
SlotAllocation,0x558a83989a30,1568,4
SlotAllocation,0x558a8391dfd0,1569,1
SlotAllocation,0x558a839542a0,1569,4
SlotAllocation,0x558a83989a30,1569,1
SlotAllocation,0x558a8391dfd0,1570,4
SlotAllocation,0x558a839542a0,1570,2
SlotAllocation,0x558a83989a30,1570,4
SlotAllocation,0x558a8391dfd0,1571,1
SlotAllocation,0x558a839542a0,1571,4
SlotAllocation,0x558a83989a30,1571,0
SlotAllocation,0x558a8391dfd0,1572,4
SlotAllocation,0x558a839542a0,1572,1
SlotAllocation,0x558a83989a30,1572,4
SlotAllocation,0x558a8391dfd0,1573,0
SlotAllocation,0x558a839542a0,1573,4
SlotAllocation,0x558a83989a30,1573,4
SlotAllocation,0x558a8391dfd0,1574,4
SlotAllocation,0x558a839542a0,1574,0
SlotAllocation,0x558a83989a30,1574,0
SlotAllocation,0x558a8391dfd0,1575,1
SlotAllocation,0x558a839542a0,1575,4
SlotAllocation,0x558a83989a30,1575,4
SlotAllocation,0x558a8391dfd0,1576,4
SlotAllocation,0x558a839542a0,1576,0
SlotAllocation,0x558a83989a30,1576,1
SlotAllocation,0x558a8391dfd0,1577,2
SlotAllocation,0x558a839542a0,1577,4
SlotAllocation,0x558a83989a30,1577,4
SlotAllocation,0x558a8391dfd0,1578,4
SlotAllocation,0x558a839542a0,1578,4
SlotAllocation,0x558a83989a30,1578,0
SlotAllocation,0x558a8391dfd0,1579,4
SlotAllocation,0x558a839542a0,1579,1
SlotAllocation,0x558a83989a30,1579,4
SlotAllocation,0x558a8391dfd0,1580,0
SlotAllocation,0x558a839542a0,1580,4
SlotAllocation,0x558a83989a30,1580,0
SlotAllocation,0x558a8391dfd0,1581,4
SlotAllocation,0x558a839542a0,1581,0
SlotAllocation,0x558a83989a30,1581,4
SlotAllocation,0x558a8391dfd0,1582,0
SlotAllocation,0x558a839542a0,1582,4
SlotAllocation,0x558a83989a30,1582,1
SlotAllocation,0x558a8391dfd0,1583,4
SlotAllocation,0x558a839542a0,1583,0
SlotAllocation,0x558a83989a30,1583,4
SlotAllocation,0x558a8391dfd0,1584,0
SlotAllocation,0x558a839542a0,1584,4
SlotAllocation,0x558a83989a30,1584,4
SlotAllocation,0x558a8391dfd0,1585,4
SlotAllocation,0x558a839542a0,1585,1
SlotAllocation,0x558a83989a30,1585,0
SlotAllocation,0x558a8391dfd0,1586,4
SlotAllocation,0x558a839542a0,1586,4
SlotAllocation,0x558a83989a30,1586,4
SlotAllocation,0x558a8391dfd0,1587,2
SlotAllocation,0x558a839542a0,1587,0
SlotAllocation,0x558a83989a30,1587,0
SlotAllocation,0x558a8391dfd0,1588,4
SlotAllocation,0x558a839542a0,1588,4
SlotAllocation,0x558a83989a30,1588,4
SlotAllocation,0x558a8391dfd0,1589,1
SlotAllocation,0x558a839542a0,1589,0
SlotAllocation,0x558a83989a30,1589,0
SlotAllocation,0x558a8391dfd0,1590,4
SlotAllocation,0x558a839542a0,1590,4
SlotAllocation,0x558a83989a30,1590,4
SlotAllocation,0x558a8391dfd0,1591,0
SlotAllocation,0x558a839542a0,1591,1
SlotAllocation,0x558a83989a30,1591,1
SlotAllocation,0x558a8391dfd0,1592,4
SlotAllocation,0x558a839542a0,1592,4
SlotAllocation,0x558a83989a30,1592,4
SlotAllocation,0x558a8391dfd0,1593,4
SlotAllocation,0x558a839542a0,1593,2
SlotAllocation,0x558a83989a30,1593,2
SlotAllocation,0x558a8391dfd0,1594,4
SlotAllocation,0x558a839542a0,1594,4
SlotAllocation,0x558a83989a30,1594,4
SlotAllocation,0x558a8391dfd0,1595,4
SlotAllocation,0x558a839542a0,1595,0
SlotAllocation,0x558a83989a30,1595,0
SlotAllocation,0x558a8391dfd0,1596,0
SlotAllocation,0x558a839542a0,1596,4
SlotAllocation,0x558a83989a30,1596,4
SlotAllocation,0x558a8391dfd0,1597,4
SlotAllocation,0x558a839542a0,1597,0
SlotAllocation,0x558a83989a30,1597,4
SlotAllocation,0x558a8391dfd0,1598,0
SlotAllocation,0x558a839542a0,1598,4
SlotAllocation,0x558a83989a30,1598,4
SlotAllocation,0x558a8391dfd0,1599,4
SlotAllocation,0x558a839542a0,1599,0
SlotAllocation,0x558a83989a30,1599,4
SlotAllocation,0x558a8391dfd0,1600,4
SlotAllocation,0x558a839542a0,1600,4
SlotAllocation,0x558a83989a30,1600,1
SlotAllocation,0x558a8391dfd0,1601,4
SlotAllocation,0x558a839542a0,1601,4
SlotAllocation,0x558a83989a30,1601,4
SlotAllocation,0x558a8391dfd0,1602,4
SlotAllocation,0x558a839542a0,1602,1
SlotAllocation,0x558a83989a30,1602,1
SlotAllocation,0x558a8391dfd0,1603,2
SlotAllocation,0x558a839542a0,1603,4
SlotAllocation,0x558a83989a30,1603,4
SlotAllocation,0x558a8391dfd0,1604,4
SlotAllocation,0x558a839542a0,1604,0
SlotAllocation,0x558a83989a30,1604,4
SlotAllocation,0x558a8391dfd0,1605,0
SlotAllocation,0x558a839542a0,1605,4
SlotAllocation,0x558a83989a30,1605,1
SlotAllocation,0x558a8391dfd0,1606,4
SlotAllocation,0x558a839542a0,1606,0
SlotAllocation,0x558a83989a30,1606,4
SlotAllocation,0x558a8391dfd0,1607,1
SlotAllocation,0x558a839542a0,1607,4
SlotAllocation,0x558a83989a30,1607,0
SlotAllocation,0x558a8391dfd0,1608,4
SlotAllocation,0x558a839542a0,1608,1
SlotAllocation,0x558a83989a30,1608,4
SlotAllocation,0x558a8391dfd0,1609,0
SlotAllocation,0x558a839542a0,1609,4
SlotAllocation,0x558a83989a30,1609,0
SlotAllocation,0x558a8391dfd0,1610,4
SlotAllocation,0x558a839542a0,1610,0
SlotAllocation,0x558a83989a30,1610,4
SlotAllocation,0x558a8391dfd0,1611,4
SlotAllocation,0x558a839542a0,1611,4
SlotAllocation,0x558a83989a30,1611,4
SlotAllocation,0x558a8391dfd0,1612,1
SlotAllocation,0x558a839542a0,1612,0
SlotAllocation,0x558a83989a30,1612,0
SlotAllocation,0x558a8391dfd0,1613,4
SlotAllocation,0x558a839542a0,1613,4
SlotAllocation,0x558a83989a30,1613,4
SlotAllocation,0x558a8391dfd0,1614,4
SlotAllocation,0x558a839542a0,1614,2
SlotAllocation,0x558a83989a30,1614,1
SlotAllocation,0x558a8391dfd0,1615,4
SlotAllocation,0x558a839542a0,1615,4
SlotAllocation,0x558a83989a30,1615,4
SlotAllocation,0x558a8391dfd0,1616,4
SlotAllocation,0x558a839542a0,1616,1
SlotAllocation,0x558a83989a30,1616,0
SlotAllocation,0x558a8391dfd0,1617,4
SlotAllocation,0x558a839542a0,1617,4
SlotAllocation,0x558a83989a30,1617,4
SlotAllocation,0x558a8391dfd0,1618,4
SlotAllocation,0x558a839542a0,1618,0
SlotAllocation,0x558a83989a30,1618,1
SlotAllocation,0x558a8391dfd0,1619,0
SlotAllocation,0x558a839542a0,1619,4
SlotAllocation,0x558a83989a30,1619,4
SlotAllocation,0x558a8391dfd0,1620,4
SlotAllocation,0x558a839542a0,1620,1
SlotAllocation,0x558a83989a30,1620,0
SlotAllocation,0x558a8391dfd0,1621,0
SlotAllocation,0x558a839542a0,1621,4
SlotAllocation,0x558a83989a30,1621,4
SlotAllocation,0x558a8391dfd0,1622,4
SlotAllocation,0x558a839542a0,1622,4
SlotAllocation,0x558a83989a30,1622,1
SlotAllocation,0x558a8391dfd0,1623,2
SlotAllocation,0x558a839542a0,1623,0
SlotAllocation,0x558a83989a30,1623,4
SlotAllocation,0x558a8391dfd0,1624,4
SlotAllocation,0x558a839542a0,1624,4
SlotAllocation,0x558a83989a30,1624,0
SlotAllocation,0x558a8391dfd0,1625,0
SlotAllocation,0x558a839542a0,1625,1
SlotAllocation,0x558a83989a30,1625,4
SlotAllocation,0x558a8391dfd0,1626,4
SlotAllocation,0x558a839542a0,1626,4
SlotAllocation,0x558a83989a30,1626,4
SlotAllocation,0x558a8391dfd0,1627,1
SlotAllocation,0x558a839542a0,1627,1
SlotAllocation,0x558a83989a30,1627,4
SlotAllocation,0x558a8391dfd0,1628,4
SlotAllocation,0x558a839542a0,1628,4
SlotAllocation,0x558a83989a30,1628,4
SlotAllocation,0x558a8391dfd0,1629,4
SlotAllocation,0x558a839542a0,1629,0
SlotAllocation,0x558a83989a30,1629,1
SlotAllocation,0x558a8391dfd0,1630,4
SlotAllocation,0x558a839542a0,1630,4
SlotAllocation,0x558a83989a30,1630,4
SlotAllocation,0x558a8391dfd0,1631,4
SlotAllocation,0x558a839542a0,1631,0
SlotAllocation,0x558a83989a30,1631,1
SlotAllocation,0x558a8391dfd0,1632,0
SlotAllocation,0x558a839542a0,1632,4
SlotAllocation,0x558a83989a30,1632,4
SlotAllocation,0x558a8391dfd0,1633,4
SlotAllocation,0x558a839542a0,1633,2
SlotAllocation,0x558a83989a30,1633,0
SlotAllocation,0x558a8391dfd0,1634,2
SlotAllocation,0x558a839542a0,1634,4
SlotAllocation,0x558a83989a30,1634,4
SlotAllocation,0x558a8391dfd0,1635,4
SlotAllocation,0x558a839542a0,1635,1
SlotAllocation,0x558a83989a30,1635,0
SlotAllocation,0x558a8391dfd0,1636,0
SlotAllocation,0x558a839542a0,1636,4
SlotAllocation,0x558a83989a30,1636,4
SlotAllocation,0x558a8391dfd0,1637,4
SlotAllocation,0x558a839542a0,1637,0
SlotAllocation,0x558a83989a30,1637,4
SlotAllocation,0x558a8391dfd0,1638,4
SlotAllocation,0x558a839542a0,1638,4
SlotAllocation,0x558a83989a30,1638,0
SlotAllocation,0x558a8391dfd0,1639,1
SlotAllocation,0x558a839542a0,1639,0
SlotAllocation,0x558a83989a30,1639,4
SlotAllocation,0x558a8391dfd0,1640,4
SlotAllocation,0x558a839542a0,1640,4
SlotAllocation,0x558a83989a30,1640,0
SlotAllocation,0x558a8391dfd0,1641,2
SlotAllocation,0x558a839542a0,1641,4
SlotAllocation,0x558a83989a30,1641,4
SlotAllocation,0x558a8391dfd0,1642,4
SlotAllocation,0x558a839542a0,1642,0
SlotAllocation,0x558a83989a30,1642,1
SlotAllocation,0x558a8391dfd0,1643,4
SlotAllocation,0x558a839542a0,1643,4
SlotAllocation,0x558a83989a30,1643,4
SlotAllocation,0x558a8391dfd0,1644,0
SlotAllocation,0x558a839542a0,1644,0
SlotAllocation,0x558a83989a30,1644,1
SlotAllocation,0x558a8391dfd0,1645,4
SlotAllocation,0x558a839542a0,1645,4
SlotAllocation,0x558a83989a30,1645,4
SlotAllocation,0x558a8391dfd0,1646,0
SlotAllocation,0x558a839542a0,1646,1
SlotAllocation,0x558a83989a30,1646,0
SlotAllocation,0x558a8391dfd0,1647,4
SlotAllocation,0x558a839542a0,1647,4
SlotAllocation,0x558a83989a30,1647,4
SlotAllocation,0x558a8391dfd0,1648,4
SlotAllocation,0x558a839542a0,1648,0
SlotAllocation,0x558a83989a30,1648,1
SlotAllocation,0x558a8391dfd0,1649,4
SlotAllocation,0x558a839542a0,1649,4
SlotAllocation,0x558a83989a30,1649,4
SlotAllocation,0x558a8391dfd0,1650,4
SlotAllocation,0x558a839542a0,1650,0
SlotAllocation,0x558a83989a30,1650,4
SlotAllocation,0x558a8391dfd0,1651,2
SlotAllocation,0x558a839542a0,1651,4
SlotAllocation,0x558a83989a30,1651,0
SlotAllocation,0x558a8391dfd0,1652,4
SlotAllocation,0x558a839542a0,1652,1
SlotAllocation,0x558a83989a30,1652,4
SlotAllocation,0x558a8391dfd0,1653,0
SlotAllocation,0x558a839542a0,1653,4
SlotAllocation,0x558a83989a30,1653,0
SlotAllocation,0x558a8391dfd0,1654,4
SlotAllocation,0x558a839542a0,1654,0
SlotAllocation,0x558a83989a30,1654,4
SlotAllocation,0x558a8391dfd0,1655,0
SlotAllocation,0x558a839542a0,1655,4
SlotAllocation,0x558a83989a30,1655,1
SlotAllocation,0x558a8391dfd0,1656,4
SlotAllocation,0x558a839542a0,1656,0
SlotAllocation,0x558a83989a30,1656,4
SlotAllocation,0x558a8391dfd0,1657,1
SlotAllocation,0x558a839542a0,1657,4
SlotAllocation,0x558a83989a30,1657,0
SlotAllocation,0x558a8391dfd0,1658,4
SlotAllocation,0x558a839542a0,1658,0
SlotAllocation,0x558a83989a30,1658,4
SlotAllocation,0x558a8391dfd0,1659,4
SlotAllocation,0x558a839542a0,1659,4
SlotAllocation,0x558a83989a30,1659,0
SlotAllocation,0x558a8391dfd0,1660,4
SlotAllocation,0x558a839542a0,1660,2
SlotAllocation,0x558a83989a30,1660,4
SlotAllocation,0x558a8391dfd0,1661,4
SlotAllocation,0x558a839542a0,1661,4
SlotAllocation,0x558a83989a30,1661,4
SlotAllocation,0x558a8391dfd0,1662,2
SlotAllocation,0x558a839542a0,1662,1
SlotAllocation,0x558a83989a30,1662,4
SlotAllocation,0x558a8391dfd0,1663,4
SlotAllocation,0x558a839542a0,1663,4
SlotAllocation,0x558a83989a30,1663,4
SlotAllocation,0x558a8391dfd0,1664,2
SlotAllocation,0x558a839542a0,1664,0
SlotAllocation,0x558a83989a30,1664,1
SlotAllocation,0x558a8391dfd0,1665,4
SlotAllocation,0x558a839542a0,1665,4
SlotAllocation,0x558a83989a30,1665,4
SlotAllocation,0x558a8391dfd0,1666,0
SlotAllocation,0x558a839542a0,1666,0
SlotAllocation,0x558a83989a30,1666,0
SlotAllocation,0x558a8391dfd0,1667,4
SlotAllocation,0x558a839542a0,1667,4
SlotAllocation,0x558a83989a30,1667,4
SlotAllocation,0x558a8391dfd0,1668,4
SlotAllocation,0x558a839542a0,1668,4
SlotAllocation,0x558a83989a30,1668,1
SlotAllocation,0x558a8391dfd0,1669,4
SlotAllocation,0x558a839542a0,1669,1
SlotAllocation,0x558a83989a30,1669,4
SlotAllocation,0x558a8391dfd0,1670,4
SlotAllocation,0x558a839542a0,1670,4
SlotAllocation,0x558a83989a30,1670,4
SlotAllocation,0x558a8391dfd0,1671,2
SlotAllocation,0x558a839542a0,1671,0
SlotAllocation,0x558a83989a30,1671,4
SlotAllocation,0x558a8391dfd0,1672,4
SlotAllocation,0x558a839542a0,1672,4
SlotAllocation,0x558a83989a30,1672,4
SlotAllocation,0x558a8391dfd0,1673,4
SlotAllocation,0x558a839542a0,1673,1
SlotAllocation,0x558a83989a30,1673,4
SlotAllocation,0x558a8391dfd0,1674,4
SlotAllocation,0x558a839542a0,1674,4
SlotAllocation,0x558a83989a30,1674,0
SlotAllocation,0x558a8391dfd0,1675,4
SlotAllocation,0x558a839542a0,1675,0
SlotAllocation,0x558a83989a30,1675,4
SlotAllocation,0x558a8391dfd0,1676,2
SlotAllocation,0x558a839542a0,1676,4
SlotAllocation,0x558a83989a30,1676,2
SlotAllocation,0x558a8391dfd0,1677,4
SlotAllocation,0x558a839542a0,1677,0
SlotAllocation,0x558a83989a30,1677,4
SlotAllocation,0x558a8391dfd0,1678,0
SlotAllocation,0x558a839542a0,1678,4
SlotAllocation,0x558a83989a30,1678,1
SlotAllocation,0x558a8391dfd0,1679,4
SlotAllocation,0x558a839542a0,1679,0
SlotAllocation,0x558a83989a30,1679,4
SlotAllocation,0x558a8391dfd0,1680,1
SlotAllocation,0x558a839542a0,1680,4
SlotAllocation,0x558a83989a30,1680,4
SlotAllocation,0x558a8391dfd0,1681,4
SlotAllocation,0x558a839542a0,1681,1
SlotAllocation,0x558a83989a30,1681,0
SlotAllocation,0x558a8391dfd0,1682,4
SlotAllocation,0x558a839542a0,1682,4
SlotAllocation,0x558a83989a30,1682,4
SlotAllocation,0x558a8391dfd0,1683,4
SlotAllocation,0x558a839542a0,1683,1
SlotAllocation,0x558a83989a30,1683,0
SlotAllocation,0x558a8391dfd0,1684,4
SlotAllocation,0x558a839542a0,1684,4
SlotAllocation,0x558a83989a30,1684,4
SlotAllocation,0x558a8391dfd0,1685,0
SlotAllocation,0x558a839542a0,1685,0
SlotAllocation,0x558a83989a30,1685,4
SlotAllocation,0x558a8391dfd0,1686,4
SlotAllocation,0x558a839542a0,1686,4
SlotAllocation,0x558a83989a30,1686,1
SlotAllocation,0x558a8391dfd0,1687,0
SlotAllocation,0x558a839542a0,1687,2
SlotAllocation,0x558a83989a30,1687,4
SlotAllocation,0x558a8391dfd0,1688,4
SlotAllocation,0x558a839542a0,1688,4
SlotAllocation,0x558a83989a30,1688,1
SlotAllocation,0x558a8391dfd0,1689,1
SlotAllocation,0x558a839542a0,1689,0
SlotAllocation,0x558a83989a30,1689,4
SlotAllocation,0x558a8391dfd0,1690,4
SlotAllocation,0x558a839542a0,1690,4
SlotAllocation,0x558a83989a30,1690,2
SlotAllocation,0x558a8391dfd0,1691,4
SlotAllocation,0x558a839542a0,1691,1
SlotAllocation,0x558a83989a30,1691,4
SlotAllocation,0x558a8391dfd0,1692,4
SlotAllocation,0x558a839542a0,1692,4
SlotAllocation,0x558a83989a30,1692,4
SlotAllocation,0x558a8391dfd0,1693,4
SlotAllocation,0x558a839542a0,1693,1
SlotAllocation,0x558a83989a30,1693,4
SlotAllocation,0x558a8391dfd0,1694,0
SlotAllocation,0x558a839542a0,1694,4
SlotAllocation,0x558a83989a30,1694,4
SlotAllocation,0x558a8391dfd0,1695,4
SlotAllocation,0x558a839542a0,1695,4
SlotAllocation,0x558a83989a30,1695,0
SlotAllocation,0x558a8391dfd0,1696,0
SlotAllocation,0x558a839542a0,1696,0
SlotAllocation,0x558a83989a30,1696,4
SlotAllocation,0x558a8391dfd0,1697,4
SlotAllocation,0x558a839542a0,1697,4
SlotAllocation,0x558a83989a30,1697,1
SlotAllocation,0x558a8391dfd0,1698,4
SlotAllocation,0x558a839542a0,1698,1
SlotAllocation,0x558a83989a30,1698,4
SlotAllocation,0x558a8391dfd0,1699,4
SlotAllocation,0x558a839542a0,1699,4
SlotAllocation,0x558a83989a30,1699,1
SlotAllocation,0x558a8391dfd0,1700,4
SlotAllocation,0x558a839542a0,1700,2
SlotAllocation,0x558a83989a30,1700,4
SlotAllocation,0x558a8391dfd0,1701,1
SlotAllocation,0x558a839542a0,1701,4
SlotAllocation,0x558a83989a30,1701,4
SlotAllocation,0x558a8391dfd0,1702,4
SlotAllocation,0x558a839542a0,1702,0
SlotAllocation,0x558a83989a30,1702,2
SlotAllocation,0x558a8391dfd0,1703,0
SlotAllocation,0x558a839542a0,1703,4
SlotAllocation,0x558a83989a30,1703,4
SlotAllocation,0x558a8391dfd0,1704,4
SlotAllocation,0x558a839542a0,1704,0
SlotAllocation,0x558a83989a30,1704,0
SlotAllocation,0x558a8391dfd0,1705,1
SlotAllocation,0x558a839542a0,1705,4
SlotAllocation,0x558a83989a30,1705,4
SlotAllocation,0x558a8391dfd0,1706,4
SlotAllocation,0x558a839542a0,1706,2
SlotAllocation,0x558a83989a30,1706,1
SlotAllocation,0x558a8391dfd0,1707,0
SlotAllocation,0x558a839542a0,1707,4
SlotAllocation,0x558a83989a30,1707,4
SlotAllocation,0x558a8391dfd0,1708,4
SlotAllocation,0x558a839542a0,1708,4
SlotAllocation,0x558a83989a30,1708,4
SlotAllocation,0x558a8391dfd0,1709,4
SlotAllocation,0x558a839542a0,1709,0
SlotAllocation,0x558a83989a30,1709,4
SlotAllocation,0x558a8391dfd0,1710,1
SlotAllocation,0x558a839542a0,1710,4
SlotAllocation,0x558a83989a30,1710,4
SlotAllocation,0x558a8391dfd0,1711,4
SlotAllocation,0x558a839542a0,1711,0
SlotAllocation,0x558a83989a30,1711,0
SlotAllocation,0x558a8391dfd0,1712,0
SlotAllocation,0x558a839542a0,1712,4
SlotAllocation,0x558a83989a30,1712,4
SlotAllocation,0x558a8391dfd0,1713,4
SlotAllocation,0x558a839542a0,1713,1
SlotAllocation,0x558a83989a30,1713,1
SlotAllocation,0x558a8391dfd0,1714,4
SlotAllocation,0x558a839542a0,1714,4
SlotAllocation,0x558a83989a30,1714,4
SlotAllocation,0x558a8391dfd0,1715,4
SlotAllocation,0x558a839542a0,1715,0
SlotAllocation,0x558a83989a30,1715,2
SlotAllocation,0x558a8391dfd0,1716,0
SlotAllocation,0x558a839542a0,1716,4
SlotAllocation,0x558a83989a30,1716,4
SlotAllocation,0x558a8391dfd0,1717,4
SlotAllocation,0x558a839542a0,1717,0
SlotAllocation,0x558a83989a30,1717,0
SlotAllocation,0x558a8391dfd0,1718,2
SlotAllocation,0x558a839542a0,1718,4
SlotAllocation,0x558a83989a30,1718,4
SlotAllocation,0x558a8391dfd0,1719,4
SlotAllocation,0x558a839542a0,1719,1
SlotAllocation,0x558a83989a30,1719,1
SlotAllocation,0x558a8391dfd0,1720,0
SlotAllocation,0x558a839542a0,1720,4
SlotAllocation,0x558a83989a30,1720,4
SlotAllocation,0x558a8391dfd0,1721,4
SlotAllocation,0x558a839542a0,1721,2
SlotAllocation,0x558a83989a30,1721,1
SlotAllocation,0x558a8391dfd0,1722,1
SlotAllocation,0x558a839542a0,1722,4
SlotAllocation,0x558a83989a30,1722,4
SlotAllocation,0x558a8391dfd0,1723,4
SlotAllocation,0x558a839542a0,1723,0
SlotAllocation,0x558a83989a30,1723,4
SlotAllocation,0x558a8391dfd0,1724,4
SlotAllocation,0x558a839542a0,1724,4
SlotAllocation,0x558a83989a30,1724,4
SlotAllocation,0x558a8391dfd0,1725,4
SlotAllocation,0x558a839542a0,1725,1
SlotAllocation,0x558a83989a30,1725,4
SlotAllocation,0x558a8391dfd0,1726,4
SlotAllocation,0x558a839542a0,1726,4
SlotAllocation,0x558a83989a30,1726,0
SlotAllocation,0x558a8391dfd0,1727,0
SlotAllocation,0x558a839542a0,1727,0
SlotAllocation,0x558a83989a30,1727,4
SlotAllocation,0x558a8391dfd0,1728,4
SlotAllocation,0x558a839542a0,1728,4
SlotAllocation,0x558a83989a30,1728,1
SlotAllocation,0x558a8391dfd0,1729,1
SlotAllocation,0x558a839542a0,1729,4
SlotAllocation,0x558a83989a30,1729,4
SlotAllocation,0x558a8391dfd0,1730,4
SlotAllocation,0x558a839542a0,1730,1
SlotAllocation,0x558a83989a30,1730,4
SlotAllocation,0x558a8391dfd0,1731,0
SlotAllocation,0x558a839542a0,1731,4
SlotAllocation,0x558a83989a30,1731,0
SlotAllocation,0x558a8391dfd0,1732,4
SlotAllocation,0x558a839542a0,1732,0
SlotAllocation,0x558a83989a30,1732,4
SlotAllocation,0x558a8391dfd0,1733,4
SlotAllocation,0x558a839542a0,1733,4
SlotAllocation,0x558a83989a30,1733,1
SlotAllocation,0x558a8391dfd0,1734,2
SlotAllocation,0x558a839542a0,1734,1
SlotAllocation,0x558a83989a30,1734,4
SlotAllocation,0x558a8391dfd0,1735,4
SlotAllocation,0x558a839542a0,1735,4
SlotAllocation,0x558a83989a30,1735,0
SlotAllocation,0x558a8391dfd0,1736,0
SlotAllocation,0x558a839542a0,1736,0
SlotAllocation,0x558a83989a30,1736,4
SlotAllocation,0x558a8391dfd0,1737,4
SlotAllocation,0x558a839542a0,1737,4
SlotAllocation,0x558a83989a30,1737,1
SlotAllocation,0x558a8391dfd0,1738,1
SlotAllocation,0x558a839542a0,1738,1
SlotAllocation,0x558a83989a30,1738,4
SlotAllocation,0x558a8391dfd0,1739,4
SlotAllocation,0x558a839542a0,1739,4
SlotAllocation,0x558a83989a30,1739,4
SlotAllocation,0x558a8391dfd0,1740,4
SlotAllocation,0x558a839542a0,1740,0
SlotAllocation,0x558a83989a30,1740,4
SlotAllocation,0x558a8391dfd0,1741,4
SlotAllocation,0x558a839542a0,1741,4
SlotAllocation,0x558a83989a30,1741,4
SlotAllocation,0x558a8391dfd0,1742,4
SlotAllocation,0x558a839542a0,1742,2
SlotAllocation,0x558a83989a30,1742,0
SlotAllocation,0x558a8391dfd0,1743,1
SlotAllocation,0x558a839542a0,1743,4
SlotAllocation,0x558a83989a30,1743,4
SlotAllocation,0x558a8391dfd0,1744,4
SlotAllocation,0x558a839542a0,1744,0
SlotAllocation,0x558a83989a30,1744,2
SlotAllocation,0x558a8391dfd0,1745,0
SlotAllocation,0x558a839542a0,1745,4
SlotAllocation,0x558a83989a30,1745,4
SlotAllocation,0x558a8391dfd0,1746,4
SlotAllocation,0x558a839542a0,1746,0
SlotAllocation,0x558a83989a30,1746,0
SlotAllocation,0x558a8391dfd0,1747,0
SlotAllocation,0x558a839542a0,1747,4
SlotAllocation,0x558a83989a30,1747,4
SlotAllocation,0x558a8391dfd0,1748,4
SlotAllocation,0x558a839542a0,1748,0
SlotAllocation,0x558a83989a30,1748,0
SlotAllocation,0x558a8391dfd0,1749,4
SlotAllocation,0x558a839542a0,1749,4
SlotAllocation,0x558a83989a30,1749,4
SlotAllocation,0x558a8391dfd0,1750,0
SlotAllocation,0x558a839542a0,1750,4
SlotAllocation,0x558a83989a30,1750,1
SlotAllocation,0x558a8391dfd0,1751,4
SlotAllocation,0x558a839542a0,1751,0
SlotAllocation,0x558a83989a30,1751,4
SlotAllocation,0x558a8391dfd0,1752,2
SlotAllocation,0x558a839542a0,1752,4
SlotAllocation,0x558a83989a30,1752,4
SlotAllocation,0x558a8391dfd0,1753,4
SlotAllocation,0x558a839542a0,1753,0
SlotAllocation,0x558a83989a30,1753,4
SlotAllocation,0x558a8391dfd0,1754,4
SlotAllocation,0x558a839542a0,1754,4
SlotAllocation,0x558a83989a30,1754,4
SlotAllocation,0x558a8391dfd0,1755,0
SlotAllocation,0x558a839542a0,1755,1
SlotAllocation,0x558a83989a30,1755,0
SlotAllocation,0x558a8391dfd0,1756,4
SlotAllocation,0x558a839542a0,1756,4
SlotAllocation,0x558a83989a30,1756,4
SlotAllocation,0x558a8391dfd0,1757,1
SlotAllocation,0x558a839542a0,1757,0
SlotAllocation,0x558a83989a30,1757,0
SlotAllocation,0x558a8391dfd0,1758,4
SlotAllocation,0x558a839542a0,1758,4
SlotAllocation,0x558a83989a30,1758,4
SlotAllocation,0x558a8391dfd0,1759,4
SlotAllocation,0x558a839542a0,1759,0
SlotAllocation,0x558a83989a30,1759,1
SlotAllocation,0x558a8391dfd0,1760,4
SlotAllocation,0x558a839542a0,1760,4
SlotAllocation,0x558a83989a30,1760,4
SlotAllocation,0x558a8391dfd0,1761,4
SlotAllocation,0x558a839542a0,1761,1
SlotAllocation,0x558a83989a30,1761,4
SlotAllocation,0x558a8391dfd0,1762,0
SlotAllocation,0x558a839542a0,1762,4
SlotAllocation,0x558a83989a30,1762,0
SlotAllocation,0x558a8391dfd0,1763,4
SlotAllocation,0x558a839542a0,1763,0
SlotAllocation,0x558a83989a30,1763,4
SlotAllocation,0x558a8391dfd0,1764,1
SlotAllocation,0x558a839542a0,1764,4
SlotAllocation,0x558a83989a30,1764,0
SlotAllocation,0x558a8391dfd0,1765,4
SlotAllocation,0x558a839542a0,1765,1
SlotAllocation,0x558a83989a30,1765,4
SlotAllocation,0x558a8391dfd0,1766,1
SlotAllocation,0x558a839542a0,1766,4
SlotAllocation,0x558a83989a30,1766,1
SlotAllocation,0x558a8391dfd0,1767,4
SlotAllocation,0x558a839542a0,1767,0
SlotAllocation,0x558a83989a30,1767,4
SlotAllocation,0x558a8391dfd0,1768,4
SlotAllocation,0x558a839542a0,1768,4
SlotAllocation,0x558a83989a30,1768,0
SlotAllocation,0x558a8391dfd0,1769,0
SlotAllocation,0x558a839542a0,1769,2
SlotAllocation,0x558a83989a30,1769,4
SlotAllocation,0x558a8391dfd0,1770,4
SlotAllocation,0x558a839542a0,1770,4
SlotAllocation,0x558a83989a30,1770,2
SlotAllocation,0x558a8391dfd0,1771,4
SlotAllocation,0x558a839542a0,1771,1
SlotAllocation,0x558a83989a30,1771,4
SlotAllocation,0x558a8391dfd0,1772,4
SlotAllocation,0x558a839542a0,1772,4
SlotAllocation,0x558a83989a30,1772,4
SlotAllocation,0x558a8391dfd0,1773,4
SlotAllocation,0x558a839542a0,1773,0
SlotAllocation,0x558a83989a30,1773,4
SlotAllocation,0x558a8391dfd0,1774,0
SlotAllocation,0x558a839542a0,1774,4
SlotAllocation,0x558a83989a30,1774,4
SlotAllocation,0x558a8391dfd0,1775,4
SlotAllocation,0x558a839542a0,1775,0
SlotAllocation,0x558a83989a30,1775,0
SlotAllocation,0x558a8391dfd0,1776,1
SlotAllocation,0x558a839542a0,1776,4
SlotAllocation,0x558a83989a30,1776,4
SlotAllocation,0x558a8391dfd0,1777,4
SlotAllocation,0x558a839542a0,1777,4
SlotAllocation,0x558a83989a30,1777,0
SlotAllocation,0x558a8391dfd0,1778,1
SlotAllocation,0x558a839542a0,1778,1
SlotAllocation,0x558a83989a30,1778,4
SlotAllocation,0x558a8391dfd0,1779,4
SlotAllocation,0x558a839542a0,1779,4
SlotAllocation,0x558a83989a30,1779,0
SlotAllocation,0x558a8391dfd0,1780,0
SlotAllocation,0x558a839542a0,1780,0
SlotAllocation,0x558a83989a30,1780,4
SlotAllocation,0x558a8391dfd0,1781,4
SlotAllocation,0x558a839542a0,1781,4
SlotAllocation,0x558a83989a30,1781,4
SlotAllocation,0x558a8391dfd0,1782,0
SlotAllocation,0x558a839542a0,1782,0
SlotAllocation,0x558a83989a30,1782,4
SlotAllocation,0x558a8391dfd0,1783,4
SlotAllocation,0x558a839542a0,1783,4
SlotAllocation,0x558a83989a30,1783,4
SlotAllocation,0x558a8391dfd0,1784,1
SlotAllocation,0x558a839542a0,1784,1
SlotAllocation,0x558a83989a30,1784,1
SlotAllocation,0x558a8391dfd0,1785,4
SlotAllocation,0x558a839542a0,1785,4
SlotAllocation,0x558a83989a30,1785,4
SlotAllocation,0x558a8391dfd0,1786,4
SlotAllocation,0x558a839542a0,1786,0
SlotAllocation,0x558a83989a30,1786,0
SlotAllocation,0x558a8391dfd0,1787,4
SlotAllocation,0x558a839542a0,1787,4
SlotAllocation,0x558a83989a30,1787,4
SlotAllocation,0x558a8391dfd0,1788,4
SlotAllocation,0x558a839542a0,1788,0
SlotAllocation,0x558a83989a30,1788,4
SlotAllocation,0x558a8391dfd0,1789,0
SlotAllocation,0x558a839542a0,1789,4
SlotAllocation,0x558a83989a30,1789,1
SlotAllocation,0x558a8391dfd0,1790,4
SlotAllocation,0x558a839542a0,1790,0
SlotAllocation,0x558a83989a30,1790,4
SlotAllocation,0x558a8391dfd0,1791,1
SlotAllocation,0x558a839542a0,1791,4
SlotAllocation,0x558a83989a30,1791,2
SlotAllocation,0x558a8391dfd0,1792,4
SlotAllocation,0x558a839542a0,1792,1
SlotAllocation,0x558a83989a30,1792,4
SlotAllocation,0x558a8391dfd0,1793,0
SlotAllocation,0x558a839542a0,1793,4
SlotAllocation,0x558a83989a30,1793,4
SlotAllocation,0x558a8391dfd0,1794,4
SlotAllocation,0x558a839542a0,1794,4
SlotAllocation,0x558a83989a30,1794,0
SlotAllocation,0x558a8391dfd0,1795,0
SlotAllocation,0x558a839542a0,1795,0
SlotAllocation,0x558a83989a30,1795,4
SlotAllocation,0x558a8391dfd0,1796,4
SlotAllocation,0x558a839542a0,1796,4
SlotAllocation,0x558a83989a30,1796,0
SlotAllocation,0x558a8391dfd0,1797,0
SlotAllocation,0x558a839542a0,1797,1
SlotAllocation,0x558a83989a30,1797,4
SlotAllocation,0x558a8391dfd0,1798,4
SlotAllocation,0x558a839542a0,1798,4
SlotAllocation,0x558a83989a30,1798,0
SlotAllocation,0x558a8391dfd0,1799,2
SlotAllocation,0x558a839542a0,1799,0
SlotAllocation,0x558a83989a30,1799,4
SlotAllocation,0x558a8391dfd0,1800,4
SlotAllocation,0x558a839542a0,1800,4
SlotAllocation,0x558a83989a30,1800,4
SlotAllocation,0x558a8391dfd0,1801,1
SlotAllocation,0x558a839542a0,1801,0
SlotAllocation,0x558a83989a30,1801,0
SlotAllocation,0x558a8391dfd0,1802,4
SlotAllocation,0x558a839542a0,1802,4
SlotAllocation,0x558a83989a30,1802,4
SlotAllocation,0x558a8391dfd0,1803,0
SlotAllocation,0x558a839542a0,1803,1
SlotAllocation,0x558a83989a30,1803,0
SlotAllocation,0x558a8391dfd0,1804,4
SlotAllocation,0x558a839542a0,1804,4
SlotAllocation,0x558a83989a30,1804,4
SlotAllocation,0x558a8391dfd0,1805,0
SlotAllocation,0x558a839542a0,1805,2
SlotAllocation,0x558a83989a30,1805,2
SlotAllocation,0x558a8391dfd0,1806,4
SlotAllocation,0x558a839542a0,1806,4
SlotAllocation,0x558a83989a30,1806,4
SlotAllocation,0x558a8391dfd0,1807,4
SlotAllocation,0x558a839542a0,1807,0
SlotAllocation,0x558a83989a30,1807,1
SlotAllocation,0x558a8391dfd0,1808,4
SlotAllocation,0x558a839542a0,1808,4
SlotAllocation,0x558a83989a30,1808,4
SlotAllocation,0x558a8391dfd0,1809,4
SlotAllocation,0x558a839542a0,1809,1
SlotAllocation,0x558a83989a30,1809,0
SlotAllocation,0x558a8391dfd0,1810,1
SlotAllocation,0x558a839542a0,1810,4
SlotAllocation,0x558a83989a30,1810,4
SlotAllocation,0x558a8391dfd0,1811,4
SlotAllocation,0x558a839542a0,1811,0
SlotAllocation,0x558a83989a30,1811,1
SlotAllocation,0x558a8391dfd0,1812,0
SlotAllocation,0x558a839542a0,1812,4
SlotAllocation,0x558a83989a30,1812,4
SlotAllocation,0x558a8391dfd0,1813,4
SlotAllocation,0x558a839542a0,1813,4
SlotAllocation,0x558a83989a30,1813,4
SlotAllocation,0x558a8391dfd0,1814,0
SlotAllocation,0x558a839542a0,1814,0
SlotAllocation,0x558a83989a30,1814,4
SlotAllocation,0x558a8391dfd0,1815,4
SlotAllocation,0x558a839542a0,1815,4
SlotAllocation,0x558a83989a30,1815,4
SlotAllocation,0x558a8391dfd0,1816,2
SlotAllocation,0x558a839542a0,1816,0
SlotAllocation,0x558a83989a30,1816,0
SlotAllocation,0x558a8391dfd0,1817,4
SlotAllocation,0x558a839542a0,1817,4
SlotAllocation,0x558a83989a30,1817,4
SlotAllocation,0x558a8391dfd0,1818,4
SlotAllocation,0x558a839542a0,1818,2
SlotAllocation,0x558a83989a30,1818,2
SlotAllocation,0x558a8391dfd0,1819,4
SlotAllocation,0x558a839542a0,1819,4
SlotAllocation,0x558a83989a30,1819,4
SlotAllocation,0x558a8391dfd0,1820,4
SlotAllocation,0x558a839542a0,1820,1
SlotAllocation,0x558a83989a30,1820,4
SlotAllocation,0x558a8391dfd0,1821,1
SlotAllocation,0x558a839542a0,1821,4
SlotAllocation,0x558a83989a30,1821,4
SlotAllocation,0x558a8391dfd0,1822,4
SlotAllocation,0x558a839542a0,1822,0
SlotAllocation,0x558a83989a30,1822,4
SlotAllocation,0x558a8391dfd0,1823,1
SlotAllocation,0x558a839542a0,1823,4
SlotAllocation,0x558a83989a30,1823,0
SlotAllocation,0x558a8391dfd0,1824,4
SlotAllocation,0x558a839542a0,1824,0
SlotAllocation,0x558a83989a30,1824,4
SlotAllocation,0x558a8391dfd0,1825,0
SlotAllocation,0x558a839542a0,1825,4
SlotAllocation,0x558a83989a30,1825,2
SlotAllocation,0x558a8391dfd0,1826,4
SlotAllocation,0x558a839542a0,1826,1
SlotAllocation,0x558a83989a30,1826,4
SlotAllocation,0x558a8391dfd0,1827,4
SlotAllocation,0x558a839542a0,1827,4
SlotAllocation,0x558a83989a30,1827,4
SlotAllocation,0x558a8391dfd0,1828,0
SlotAllocation,0x558a839542a0,1828,0
SlotAllocation,0x558a83989a30,1828,4
SlotAllocation,0x558a8391dfd0,1829,4
SlotAllocation,0x558a839542a0,1829,4
SlotAllocation,0x558a83989a30,1829,4
SlotAllocation,0x558a8391dfd0,1830,0
SlotAllocation,0x558a839542a0,1830,0
SlotAllocation,0x558a83989a30,1830,0
SlotAllocation,0x558a8391dfd0,1831,4
SlotAllocation,0x558a839542a0,1831,4
SlotAllocation,0x558a83989a30,1831,4
SlotAllocation,0x558a8391dfd0,1832,0
SlotAllocation,0x558a839542a0,1832,3
SlotAllocation,0x558a83989a30,1832,0
SlotAllocation,0x558a8391dfd0,1833,4
SlotAllocation,0x558a839542a0,1833,4
SlotAllocation,0x558a83989a30,1833,4
SlotAllocation,0x558a8391dfd0,1834,1
SlotAllocation,0x558a839542a0,1834,0
SlotAllocation,0x558a83989a30,1834,1
SlotAllocation,0x558a8391dfd0,1835,4
SlotAllocation,0x558a839542a0,1835,4
SlotAllocation,0x558a83989a30,1835,4
SlotAllocation,0x558a8391dfd0,1836,0
SlotAllocation,0x558a839542a0,1836,1
SlotAllocation,0x558a83989a30,1836,4
SlotAllocation,0x558a8391dfd0,1837,4
SlotAllocation,0x558a839542a0,1837,4
SlotAllocation,0x558a83989a30,1837,2
SlotAllocation,0x558a8391dfd0,1838,0
SlotAllocation,0x558a839542a0,1838,4
SlotAllocation,0x558a83989a30,1838,4
SlotAllocation,0x558a8391dfd0,1839,4
SlotAllocation,0x558a839542a0,1839,4
SlotAllocation,0x558a83989a30,1839,0
SlotAllocation,0x558a8391dfd0,1840,0
SlotAllocation,0x558a839542a0,1840,4
SlotAllocation,0x558a83989a30,1840,4
SlotAllocation,0x558a8391dfd0,1841,4
SlotAllocation,0x558a839542a0,1841,0
SlotAllocation,0x558a83989a30,1841,1
SlotAllocation,0x558a8391dfd0,1842,4
SlotAllocation,0x558a839542a0,1842,4
SlotAllocation,0x558a83989a30,1842,4
SlotAllocation,0x558a8391dfd0,1843,1
SlotAllocation,0x558a839542a0,1843,0
SlotAllocation,0x558a83989a30,1843,4
SlotAllocation,0x558a8391dfd0,1844,4
SlotAllocation,0x558a839542a0,1844,4
SlotAllocation,0x558a83989a30,1844,4
SlotAllocation,0x558a8391dfd0,1845,0
SlotAllocation,0x558a839542a0,1845,1
SlotAllocation,0x558a83989a30,1845,4
SlotAllocation,0x558a8391dfd0,1846,4
SlotAllocation,0x558a839542a0,1846,4
SlotAllocation,0x558a83989a30,1846,1
SlotAllocation,0x558a8391dfd0,1847,4
SlotAllocation,0x558a839542a0,1847,0
SlotAllocation,0x558a83989a30,1847,4
SlotAllocation,0x558a8391dfd0,1848,4
SlotAllocation,0x558a839542a0,1848,4
SlotAllocation,0x558a83989a30,1848,1
SlotAllocation,0x558a8391dfd0,1849,4
SlotAllocation,0x558a839542a0,1849,0
SlotAllocation,0x558a83989a30,1849,4
SlotAllocation,0x558a8391dfd0,1850,0
SlotAllocation,0x558a839542a0,1850,4
SlotAllocation,0x558a83989a30,1850,4
SlotAllocation,0x558a8391dfd0,1851,4
SlotAllocation,0x558a839542a0,1851,0
SlotAllocation,0x558a83989a30,1851,0
SlotAllocation,0x558a8391dfd0,1852,4
SlotAllocation,0x558a839542a0,1852,4
SlotAllocation,0x558a83989a30,1852,4
SlotAllocation,0x558a8391dfd0,1853,4
SlotAllocation,0x558a839542a0,1853,1
SlotAllocation,0x558a83989a30,1853,1
SlotAllocation,0x558a8391dfd0,1854,4
SlotAllocation,0x558a839542a0,1854,4
SlotAllocation,0x558a83989a30,1854,4
SlotAllocation,0x558a8391dfd0,1855,0
SlotAllocation,0x558a839542a0,1855,0
SlotAllocation,0x558a83989a30,1855,4
SlotAllocation,0x558a8391dfd0,1856,4
SlotAllocation,0x558a839542a0,1856,4
SlotAllocation,0x558a83989a30,1856,0
SlotAllocation,0x558a8391dfd0,1857,0
SlotAllocation,0x558a839542a0,1857,1
SlotAllocation,0x558a83989a30,1857,4
SlotAllocation,0x558a8391dfd0,1858,4
SlotAllocation,0x558a839542a0,1858,4
SlotAllocation,0x558a83989a30,1858,0
SlotAllocation,0x558a8391dfd0,1859,2
SlotAllocation,0x558a839542a0,1859,0
SlotAllocation,0x558a83989a30,1859,4
SlotAllocation,0x558a8391dfd0,1860,4
SlotAllocation,0x558a839542a0,1860,4
SlotAllocation,0x558a83989a30,1860,1
SlotAllocation,0x558a8391dfd0,1861,0
SlotAllocation,0x558a839542a0,1861,2
SlotAllocation,0x558a83989a30,1861,4
SlotAllocation,0x558a8391dfd0,1862,4
SlotAllocation,0x558a839542a0,1862,4
SlotAllocation,0x558a83989a30,1862,2
SlotAllocation,0x558a8391dfd0,1863,0
SlotAllocation,0x558a839542a0,1863,1
SlotAllocation,0x558a83989a30,1863,4
SlotAllocation,0x558a8391dfd0,1864,4
SlotAllocation,0x558a839542a0,1864,4
SlotAllocation,0x558a83989a30,1864,4
SlotAllocation,0x558a8391dfd0,1865,1
SlotAllocation,0x558a839542a0,1865,0
SlotAllocation,0x558a83989a30,1865,0
SlotAllocation,0x558a8391dfd0,1866,4
SlotAllocation,0x558a839542a0,1866,4
SlotAllocation,0x558a83989a30,1866,4
SlotAllocation,0x558a8391dfd0,1867,4
SlotAllocation,0x558a839542a0,1867,1
SlotAllocation,0x558a83989a30,1867,0
SlotAllocation,0x558a8391dfd0,1868,0
SlotAllocation,0x558a839542a0,1868,4
SlotAllocation,0x558a83989a30,1868,4
SlotAllocation,0x558a8391dfd0,1869,4
SlotAllocation,0x558a839542a0,1869,0
SlotAllocation,0x558a83989a30,1869,4
SlotAllocation,0x558a8391dfd0,1870,0
SlotAllocation,0x558a839542a0,1870,4
SlotAllocation,0x558a83989a30,1870,4
SlotAllocation,0x558a8391dfd0,1871,4
SlotAllocation,0x558a839542a0,1871,2
SlotAllocation,0x558a83989a30,1871,4
SlotAllocation,0x558a8391dfd0,1872,1
SlotAllocation,0x558a839542a0,1872,4
SlotAllocation,0x558a83989a30,1872,1
SlotAllocation,0x558a8391dfd0,1873,4
SlotAllocation,0x558a839542a0,1873,1
SlotAllocation,0x558a83989a30,1873,4
SlotAllocation,0x558a8391dfd0,1874,4
SlotAllocation,0x558a839542a0,1874,4
SlotAllocation,0x558a83989a30,1874,0
SlotAllocation,0x558a8391dfd0,1875,0
SlotAllocation,0x558a839542a0,1875,0
SlotAllocation,0x558a83989a30,1875,4
SlotAllocation,0x558a8391dfd0,1876,4
SlotAllocation,0x558a839542a0,1876,4
SlotAllocation,0x558a83989a30,1876,0
SlotAllocation,0x558a8391dfd0,1877,0
SlotAllocation,0x558a839542a0,1877,0
SlotAllocation,0x558a83989a30,1877,4
SlotAllocation,0x558a8391dfd0,1878,4
SlotAllocation,0x558a839542a0,1878,4
SlotAllocation,0x558a83989a30,1878,1
SlotAllocation,0x558a8391dfd0,1879,4
SlotAllocation,0x558a839542a0,1879,0
SlotAllocation,0x558a83989a30,1879,4
SlotAllocation,0x558a8391dfd0,1880,1
SlotAllocation,0x558a839542a0,1880,4
SlotAllocation,0x558a83989a30,1880,0
SlotAllocation,0x558a8391dfd0,1881,4
SlotAllocation,0x558a839542a0,1881,1
SlotAllocation,0x558a83989a30,1881,4
SlotAllocation,0x558a8391dfd0,1882,0
SlotAllocation,0x558a839542a0,1882,4
SlotAllocation,0x558a83989a30,1882,4
SlotAllocation,0x558a8391dfd0,1883,4
SlotAllocation,0x558a839542a0,1883,1
SlotAllocation,0x558a83989a30,1883,0
SlotAllocation,0x558a8391dfd0,1884,1
SlotAllocation,0x558a839542a0,1884,4
SlotAllocation,0x558a83989a30,1884,4
SlotAllocation,0x558a8391dfd0,1885,4
SlotAllocation,0x558a839542a0,1885,2
SlotAllocation,0x558a83989a30,1885,0
SlotAllocation,0x558a8391dfd0,1886,0
SlotAllocation,0x558a839542a0,1886,4
SlotAllocation,0x558a83989a30,1886,4
SlotAllocation,0x558a8391dfd0,1887,4
SlotAllocation,0x558a839542a0,1887,0
SlotAllocation,0x558a83989a30,1887,4
SlotAllocation,0x558a8391dfd0,1888,4
SlotAllocation,0x558a839542a0,1888,4
SlotAllocation,0x558a83989a30,1888,1
SlotAllocation,0x558a8391dfd0,1889,0
SlotAllocation,0x558a839542a0,1889,1
SlotAllocation,0x558a83989a30,1889,4
SlotAllocation,0x558a8391dfd0,1890,4
SlotAllocation,0x558a839542a0,1890,4
SlotAllocation,0x558a83989a30,1890,1
SlotAllocation,0x558a8391dfd0,1891,1
SlotAllocation,0x558a839542a0,1891,0
SlotAllocation,0x558a83989a30,1891,4
SlotAllocation,0x558a8391dfd0,1892,4
SlotAllocation,0x558a839542a0,1892,4
SlotAllocation,0x558a83989a30,1892,0
SlotAllocation,0x558a8391dfd0,1893,0
SlotAllocation,0x558a839542a0,1893,0
SlotAllocation,0x558a83989a30,1893,4
SlotAllocation,0x558a8391dfd0,1894,4
SlotAllocation,0x558a839542a0,1894,4
SlotAllocation,0x558a83989a30,1894,0
SlotAllocation,0x558a8391dfd0,1895,1
SlotAllocation,0x558a839542a0,1895,1
SlotAllocation,0x558a83989a30,1895,4
SlotAllocation,0x558a8391dfd0,1896,4
SlotAllocation,0x558a839542a0,1896,4
SlotAllocation,0x558a83989a30,1896,4
SlotAllocation,0x558a8391dfd0,1897,0
SlotAllocation,0x558a839542a0,1897,0
SlotAllocation,0x558a83989a30,1897,4
SlotAllocation,0x558a8391dfd0,1898,4
SlotAllocation,0x558a839542a0,1898,4
SlotAllocation,0x558a83989a30,1898,4
SlotAllocation,0x558a8391dfd0,1899,4
SlotAllocation,0x558a839542a0,1899,0
SlotAllocation,0x558a83989a30,1899,1
SlotAllocation,0x558a8391dfd0,1900,0
SlotAllocation,0x558a839542a0,1900,4
SlotAllocation,0x558a83989a30,1900,4
SlotAllocation,0x558a8391dfd0,1901,4
SlotAllocation,0x558a839542a0,1901,1
SlotAllocation,0x558a83989a30,1901,0
SlotAllocation,0x558a8391dfd0,1902,1
SlotAllocation,0x558a839542a0,1902,4
SlotAllocation,0x558a83989a30,1902,4
SlotAllocation,0x558a8391dfd0,1903,4
SlotAllocation,0x558a839542a0,1903,0
SlotAllocation,0x558a83989a30,1903,1
SlotAllocation,0x558a8391dfd0,1904,0
SlotAllocation,0x558a839542a0,1904,4
SlotAllocation,0x558a83989a30,1904,4
SlotAllocation,0x558a8391dfd0,1905,4
SlotAllocation,0x558a839542a0,1905,0
SlotAllocation,0x558a83989a30,1905,2
SlotAllocation,0x558a8391dfd0,1906,0
SlotAllocation,0x558a839542a0,1906,4
SlotAllocation,0x558a83989a30,1906,4
SlotAllocation,0x558a8391dfd0,1907,4
SlotAllocation,0x558a839542a0,1907,1
SlotAllocation,0x558a83989a30,1907,0
SlotAllocation,0x558a8391dfd0,1908,1
SlotAllocation,0x558a839542a0,1908,4
SlotAllocation,0x558a83989a30,1908,4
SlotAllocation,0x558a8391dfd0,1909,4
SlotAllocation,0x558a839542a0,1909,0
SlotAllocation,0x558a83989a30,1909,1
SlotAllocation,0x558a8391dfd0,1910,0
SlotAllocation,0x558a839542a0,1910,4
SlotAllocation,0x558a83989a30,1910,4
SlotAllocation,0x558a8391dfd0,1911,4
SlotAllocation,0x558a839542a0,1911,0
SlotAllocation,0x558a83989a30,1911,1
SlotAllocation,0x558a8391dfd0,1912,4
SlotAllocation,0x558a839542a0,1912,4
SlotAllocation,0x558a83989a30,1912,4
SlotAllocation,0x558a8391dfd0,1913,1
SlotAllocation,0x558a839542a0,1913,1
SlotAllocation,0x558a83989a30,1913,4
SlotAllocation,0x558a8391dfd0,1914,4
SlotAllocation,0x558a839542a0,1914,4
SlotAllocation,0x558a83989a30,1914,4
SlotAllocation,0x558a8391dfd0,1915,0
SlotAllocation,0x558a839542a0,1915,0
SlotAllocation,0x558a83989a30,1915,4
SlotAllocation,0x558a8391dfd0,1916,4
SlotAllocation,0x558a839542a0,1916,4
SlotAllocation,0x558a83989a30,1916,0
SlotAllocation,0x558a8391dfd0,1917,4
SlotAllocation,0x558a839542a0,1917,2
SlotAllocation,0x558a83989a30,1917,4
SlotAllocation,0x558a8391dfd0,1918,1
SlotAllocation,0x558a839542a0,1918,4
SlotAllocation,0x558a83989a30,1918,1
SlotAllocation,0x558a8391dfd0,1919,4
SlotAllocation,0x558a839542a0,1919,1
SlotAllocation,0x558a83989a30,1919,4
SlotAllocation,0x558a8391dfd0,1920,0
SlotAllocation,0x558a839542a0,1920,4
SlotAllocation,0x558a83989a30,1920,4
SlotAllocation,0x558a8391dfd0,1921,4
SlotAllocation,0x558a839542a0,1921,0
SlotAllocation,0x558a83989a30,1921,1
SlotAllocation,0x558a8391dfd0,1922,1
SlotAllocation,0x558a839542a0,1922,4
SlotAllocation,0x558a83989a30,1922,4
SlotAllocation,0x558a8391dfd0,1923,4
SlotAllocation,0x558a839542a0,1923,1
SlotAllocation,0x558a83989a30,1923,1
SlotAllocation,0x558a8391dfd0,1924,0
SlotAllocation,0x558a839542a0,1924,4
SlotAllocation,0x558a83989a30,1924,4
SlotAllocation,0x558a8391dfd0,1925,4
SlotAllocation,0x558a839542a0,1925,0
SlotAllocation,0x558a83989a30,1925,0
SlotAllocation,0x558a8391dfd0,1926,1
SlotAllocation,0x558a839542a0,1926,4
SlotAllocation,0x558a83989a30,1926,4
SlotAllocation,0x558a8391dfd0,1927,4
SlotAllocation,0x558a839542a0,1927,0
SlotAllocation,0x558a83989a30,1927,0
SlotAllocation,0x558a8391dfd0,1928,2
SlotAllocation,0x558a839542a0,1928,4
SlotAllocation,0x558a83989a30,1928,4
SlotAllocation,0x558a8391dfd0,1929,4
SlotAllocation,0x558a839542a0,1929,1
SlotAllocation,0x558a83989a30,1929,1
SlotAllocation,0x558a8391dfd0,1930,4
SlotAllocation,0x558a839542a0,1930,4
SlotAllocation,0x558a83989a30,1930,4
SlotAllocation,0x558a8391dfd0,1931,0
SlotAllocation,0x558a839542a0,1931,0
SlotAllocation,0x558a83989a30,1931,4
SlotAllocation,0x558a8391dfd0,1932,4
SlotAllocation,0x558a839542a0,1932,4
SlotAllocation,0x558a83989a30,1932,2
SlotAllocation,0x558a8391dfd0,1933,0
SlotAllocation,0x558a839542a0,1933,1
SlotAllocation,0x558a83989a30,1933,4
SlotAllocation,0x558a8391dfd0,1934,4
SlotAllocation,0x558a839542a0,1934,4
SlotAllocation,0x558a83989a30,1934,0
SlotAllocation,0x558a8391dfd0,1935,2
SlotAllocation,0x558a839542a0,1935,2
SlotAllocation,0x558a83989a30,1935,4
SlotAllocation,0x558a8391dfd0,1936,4
SlotAllocation,0x558a839542a0,1936,4
SlotAllocation,0x558a83989a30,1936,1
SlotAllocation,0x558a8391dfd0,1937,4
SlotAllocation,0x558a839542a0,1937,0
SlotAllocation,0x558a83989a30,1937,4
SlotAllocation,0x558a8391dfd0,1938,1
SlotAllocation,0x558a839542a0,1938,4
SlotAllocation,0x558a83989a30,1938,0
SlotAllocation,0x558a8391dfd0,1939,4
SlotAllocation,0x558a839542a0,1939,1
SlotAllocation,0x558a83989a30,1939,4
SlotAllocation,0x558a8391dfd0,1940,1
SlotAllocation,0x558a839542a0,1940,4
SlotAllocation,0x558a83989a30,1940,4
SlotAllocation,0x558a8391dfd0,1941,4
SlotAllocation,0x558a839542a0,1941,2
SlotAllocation,0x558a83989a30,1941,4
SlotAllocation,0x558a8391dfd0,1942,4
SlotAllocation,0x558a839542a0,1942,4
SlotAllocation,0x558a83989a30,1942,4
SlotAllocation,0x558a8391dfd0,1943,4
SlotAllocation,0x558a839542a0,1943,1
SlotAllocation,0x558a83989a30,1943,0
SlotAllocation,0x558a8391dfd0,1944,4
SlotAllocation,0x558a839542a0,1944,4
SlotAllocation,0x558a83989a30,1944,4
SlotAllocation,0x558a8391dfd0,1945,0
SlotAllocation,0x558a839542a0,1945,0
SlotAllocation,0x558a83989a30,1945,0
SlotAllocation,0x558a8391dfd0,1946,4
SlotAllocation,0x558a839542a0,1946,4
SlotAllocation,0x558a83989a30,1946,4
SlotAllocation,0x558a8391dfd0,1947,2
SlotAllocation,0x558a839542a0,1947,0
SlotAllocation,0x558a83989a30,1947,1
SlotAllocation,0x558a8391dfd0,1948,4
SlotAllocation,0x558a839542a0,1948,4
SlotAllocation,0x558a83989a30,1948,4
SlotAllocation,0x558a8391dfd0,1949,4
SlotAllocation,0x558a839542a0,1949,1
SlotAllocation,0x558a83989a30,1949,0
SlotAllocation,0x558a8391dfd0,1950,1
SlotAllocation,0x558a839542a0,1950,4
SlotAllocation,0x558a83989a30,1950,4
SlotAllocation,0x558a8391dfd0,1951,4
SlotAllocation,0x558a839542a0,1951,0
SlotAllocation,0x558a83989a30,1951,0
SlotAllocation,0x558a8391dfd0,1952,0
SlotAllocation,0x558a839542a0,1952,4
SlotAllocation,0x558a83989a30,1952,4
SlotAllocation,0x558a8391dfd0,1953,4
SlotAllocation,0x558a839542a0,1953,0
SlotAllocation,0x558a83989a30,1953,1
SlotAllocation,0x558a8391dfd0,1954,0
SlotAllocation,0x558a839542a0,1954,4
SlotAllocation,0x558a83989a30,1954,4
SlotAllocation,0x558a8391dfd0,1955,4
SlotAllocation,0x558a839542a0,1955,0
SlotAllocation,0x558a83989a30,1955,4
SlotAllocation,0x558a8391dfd0,1956,4
SlotAllocation,0x558a839542a0,1956,4
SlotAllocation,0x558a83989a30,1956,0
SlotAllocation,0x558a8391dfd0,1957,1
SlotAllocation,0x558a839542a0,1957,1
SlotAllocation,0x558a83989a30,1957,4
SlotAllocation,0x558a8391dfd0,1958,4
SlotAllocation,0x558a839542a0,1958,4
SlotAllocation,0x558a83989a30,1958,1
SlotAllocation,0x558a8391dfd0,1959,0
SlotAllocation,0x558a839542a0,1959,1
SlotAllocation,0x558a83989a30,1959,4
SlotAllocation,0x558a8391dfd0,1960,4
SlotAllocation,0x558a839542a0,1960,4
SlotAllocation,0x558a83989a30,1960,2
SlotAllocation,0x558a8391dfd0,1961,2
SlotAllocation,0x558a839542a0,1961,0
SlotAllocation,0x558a83989a30,1961,4
SlotAllocation,0x558a8391dfd0,1962,4
SlotAllocation,0x558a839542a0,1962,4
SlotAllocation,0x558a83989a30,1962,0
SlotAllocation,0x558a8391dfd0,1963,4
SlotAllocation,0x558a839542a0,1963,2
SlotAllocation,0x558a83989a30,1963,4
SlotAllocation,0x558a8391dfd0,1964,4
SlotAllocation,0x558a839542a0,1964,4
SlotAllocation,0x558a83989a30,1964,0
SlotAllocation,0x558a8391dfd0,1965,4
SlotAllocation,0x558a839542a0,1965,1
SlotAllocation,0x558a83989a30,1965,4
SlotAllocation,0x558a8391dfd0,1966,4
SlotAllocation,0x558a839542a0,1966,4
SlotAllocation,0x558a83989a30,1966,4
SlotAllocation,0x558a8391dfd0,1967,0
SlotAllocation,0x558a839542a0,1967,0
SlotAllocation,0x558a83989a30,1967,4
SlotAllocation,0x558a8391dfd0,1968,4
SlotAllocation,0x558a839542a0,1968,4
SlotAllocation,0x558a83989a30,1968,4
SlotAllocation,0x558a8391dfd0,1969,1
SlotAllocation,0x558a839542a0,1969,0
SlotAllocation,0x558a83989a30,1969,1
SlotAllocation,0x558a8391dfd0,1970,4
SlotAllocation,0x558a839542a0,1970,4
SlotAllocation,0x558a83989a30,1970,4
SlotAllocation,0x558a8391dfd0,1971,0
SlotAllocation,0x558a839542a0,1971,1
SlotAllocation,0x558a83989a30,1971,0
SlotAllocation,0x558a8391dfd0,1972,4
SlotAllocation,0x558a839542a0,1972,4
SlotAllocation,0x558a83989a30,1972,4
SlotAllocation,0x558a8391dfd0,1973,4
SlotAllocation,0x558a839542a0,1973,0
SlotAllocation,0x558a83989a30,1973,0
SlotAllocation,0x558a8391dfd0,1974,4
SlotAllocation,0x558a839542a0,1974,4
SlotAllocation,0x558a83989a30,1974,4
SlotAllocation,0x558a8391dfd0,1975,4
SlotAllocation,0x558a839542a0,1975,0
SlotAllocation,0x558a83989a30,1975,4
SlotAllocation,0x558a8391dfd0,1976,0
SlotAllocation,0x558a839542a0,1976,4
SlotAllocation,0x558a83989a30,1976,1
SlotAllocation,0x558a8391dfd0,1977,4
SlotAllocation,0x558a839542a0,1977,1
SlotAllocation,0x558a83989a30,1977,4
SlotAllocation,0x558a8391dfd0,1978,0
SlotAllocation,0x558a839542a0,1978,4
SlotAllocation,0x558a83989a30,1978,1
SlotAllocation,0x558a8391dfd0,1979,4
SlotAllocation,0x558a839542a0,1979,2
SlotAllocation,0x558a83989a30,1979,4
SlotAllocation,0x558a8391dfd0,1980,0
SlotAllocation,0x558a839542a0,1980,4
SlotAllocation,0x558a83989a30,1980,2
SlotAllocation,0x558a8391dfd0,1981,4
SlotAllocation,0x558a839542a0,1981,0
SlotAllocation,0x558a83989a30,1981,4
SlotAllocation,0x558a8391dfd0,1982,4
SlotAllocation,0x558a839542a0,1982,4
SlotAllocation,0x558a83989a30,1982,0
SlotAllocation,0x558a8391dfd0,1983,1
SlotAllocation,0x558a839542a0,1983,0
SlotAllocation,0x558a83989a30,1983,4
SlotAllocation,0x558a8391dfd0,1984,4
SlotAllocation,0x558a839542a0,1984,4
SlotAllocation,0x558a83989a30,1984,4
SlotAllocation,0x558a8391dfd0,1985,0
SlotAllocation,0x558a839542a0,1985,1
SlotAllocation,0x558a83989a30,1985,1
SlotAllocation,0x558a8391dfd0,1986,4
SlotAllocation,0x558a839542a0,1986,4
SlotAllocation,0x558a83989a30,1986,4
SlotAllocation,0x558a8391dfd0,1987,1
SlotAllocation,0x558a839542a0,1987,1
SlotAllocation,0x558a83989a30,1987,1
SlotAllocation,0x558a8391dfd0,1988,4
SlotAllocation,0x558a839542a0,1988,4
SlotAllocation,0x558a83989a30,1988,4
SlotAllocation,0x558a8391dfd0,1989,0
SlotAllocation,0x558a839542a0,1989,0
SlotAllocation,0x558a83989a30,1989,4
SlotAllocation,0x558a8391dfd0,1990,4
SlotAllocation,0x558a839542a0,1990,4
SlotAllocation,0x558a83989a30,1990,0
SlotAllocation,0x558a8391dfd0,1991,4
SlotAllocation,0x558a839542a0,1991,2
SlotAllocation,0x558a83989a30,1991,4
SlotAllocation,0x558a8391dfd0,1992,1
SlotAllocation,0x558a839542a0,1992,4
SlotAllocation,0x558a83989a30,1992,1
SlotAllocation,0x558a8391dfd0,1993,4
SlotAllocation,0x558a839542a0,1993,0
SlotAllocation,0x558a83989a30,1993,4
SlotAllocation,0x558a8391dfd0,1994,0
SlotAllocation,0x558a839542a0,1994,4
SlotAllocation,0x558a83989a30,1994,4
SlotAllocation,0x558a8391dfd0,1995,4
SlotAllocation,0x558a839542a0,1995,0
SlotAllocation,0x558a83989a30,1995,4
SlotAllocation,0x558a8391dfd0,1996,4
SlotAllocation,0x558a839542a0,1996,4
SlotAllocation,0x558a83989a30,1996,4
SlotAllocation,0x558a8391dfd0,1997,0
SlotAllocation,0x558a839542a0,1997,1
SlotAllocation,0x558a83989a30,1997,2
SlotAllocation,0x558a8391dfd0,1998,4
SlotAllocation,0x558a839542a0,1998,4
SlotAllocation,0x558a83989a30,1998,4
SlotAllocation,0x558a8391dfd0,1999,0
SlotAllocation,0x558a839542a0,1999,0
SlotAllocation,0x558a83989a30,1999,1
SlotAllocation,0x558a8391dfd0,2000,4
SlotAllocation,0x558a839542a0,2000,4
SlotAllocation,0x558a83989a30,2000,4
